 S07WV3 Record=31: SRF Band 2 WorldView3 Blue              
 2.5500000e-008
 2.5600000e-008
 2.2100000e-008
 1.9700000e-008
 1.5900000e-008
 1.4100000e-008
 1.3200000e-008
 1.0900000e-008
 9.2999999e-009
 1.2000000e-008
 9.7899999e-009
 8.1299998e-009
 1.0300000e-008
 1.0800000e-008
 9.3199999e-009
 7.7199998e-009
 1.1600000e-008
 8.2899998e-009
 8.5899998e-009
 8.4899998e-009
 1.3500000e-008
 9.4799999e-009
 1.3000000e-008
 1.5399999e-008
 1.7300000e-008
 2.4500000e-008
 3.9900002e-008
 6.8500000e-008
 8.6699998e-008
 6.9000002e-008
 3.9300001e-008
 3.4399999e-008
 5.0499999e-008
 4.6200000e-008
 4.3299998e-008
 7.6799999e-008
 5.8099999e-008
 5.7200001e-008
 8.1800003e-008
 9.8699999e-008
 9.3600001e-008
 9.0800000e-008
 1.1900000e-007
 1.4500000e-007
 1.3099999e-007
 1.9200000e-007
 2.6600000e-007
 3.8100001e-007
 5.5400000e-007
 7.8099998e-007
 9.3500000e-007
 9.4699999e-007
 9.5500002e-007
 1.2500000e-006
 1.6400001e-006
 2.0699999e-006
 2.3499999e-006
 2.4999999e-006
 2.6299999e-006
 2.8699999e-006
 3.4899999e-006
 4.1200001e-006
 4.5400002e-006
 4.7700000e-006
 5.5599999e-006
 7.1400000e-006
 9.0100002e-006
 1.0900000e-005
 1.2200000e-005
 1.3700000e-005
 1.6100001e-005
 2.0300000e-005
 2.6000000e-005
 3.1500000e-005
 3.7199999e-005
 4.6500001e-005
 6.4300002e-005
 9.1599999e-005
 1.2400000e-004
 1.5599999e-004
 1.8700000e-004
 2.2400000e-004
 2.8700000e-004
 3.9100001e-004
 5.4500002e-004
 7.5700000e-004
 1.0570000e-003
 1.5340000e-003
 2.3330001e-003
 3.5190000e-003
 5.0960002e-003
 7.2699999e-003
 1.0599000e-002
 1.7802000e-002
 3.3971999e-002
 5.1236000e-002
 7.6692998e-002
 1.0363800e-001
 1.6916899e-001
 2.3992801e-001
 3.6386901e-001
 4.9512300e-001
 5.7809299e-001
 6.5573198e-001
 7.0235902e-001
 7.4660403e-001
 7.6535702e-001
 7.8117698e-001
 7.8978401e-001
 7.9798502e-001
 8.0286801e-001
 8.0709898e-001
 8.1332302e-001
 8.2048398e-001
 8.2350999e-001
 8.2508498e-001
 8.2238698e-001
 8.2002199e-001
 8.2742798e-001
 8.3551699e-001
 8.3987498e-001
 8.4368199e-001
 8.4967703e-001
 8.5636997e-001
 8.6682898e-001
 8.7674201e-001
 8.7657601e-001
 8.7654698e-001
 8.8241601e-001
 8.8786101e-001
 8.9456201e-001
 9.0192997e-001
 8.9917701e-001
 8.9596999e-001
 8.9732599e-001
 8.9846897e-001
 9.0496099e-001
 9.1220099e-001
 9.2523903e-001
 9.3806100e-001
 9.5002401e-001
 9.6229100e-001
 9.6325099e-001
 9.6304500e-001
 9.6305501e-001
 9.6491498e-001
 9.7351998e-001
 9.8035002e-001
 9.8571402e-001
 9.9212801e-001
 9.9634701e-001
 1.0000000e+000
 9.9972898e-001
 9.9917603e-001
 9.7613800e-001
 9.5237201e-001
 9.0207797e-001
 8.5025901e-001
 7.5914598e-001
 6.6642100e-001
 5.3386998e-001
 4.0184700e-001
 2.9656699e-001
 1.9291700e-001
 1.4074101e-001
 8.8809997e-002
 6.4181998e-002
 4.1058999e-002
 2.8457999e-002
 1.9180000e-002
 9.9259997e-003
 6.8640001e-003
 4.8170001e-003
 3.3249999e-003
 2.3089999e-003
 1.5740000e-003
 1.1420000e-003
 8.4499997e-004
 6.3600001e-004
 4.9000001e-004
 3.8899999e-004
 3.1900001e-004
 2.7100000e-004
 2.3400001e-004
 1.9900000e-004
 1.6200000e-004
 1.2700001e-004
 9.5800002e-005
 7.2199997e-005
 5.6000001e-005
 4.4199998e-005
 3.6699999e-005
 3.1600001e-005
 2.8200000e-005
 2.4999999e-005
 2.2200000e-005
 1.9700001e-005
 1.7200000e-005
 1.5000000e-005
 1.3400000e-005
 1.2200000e-005
 1.1300000e-005
 1.0300000e-005
 9.5300002e-006
 8.8899997e-006
 7.9299998e-006
 6.6799998e-006
 5.6800000e-006
 5.3099998e-006
 4.5500001e-006
 3.9699999e-006
 3.9000001e-006
 3.6900001e-006
 3.3199999e-006
 3.2299999e-006
 3.3599999e-006
 3.2099999e-006
 3.0399999e-006
 3.1000000e-006
 2.9600001e-006
 2.8100001e-006
 2.1700000e-006
 2.0400000e-006
 2.3000000e-006
 1.9300001e-006
 1.7800000e-006
 1.8900000e-006
 1.6300000e-006
 1.4900000e-006
 1.6700000e-006
 1.8700000e-006
 1.8300000e-006
 1.7400000e-006
 1.6600000e-006
 1.8200000e-006
 1.5099999e-006
 1.3699999e-006
 1.7100000e-006
 1.8500000e-006
 1.8800000e-006
 1.8100000e-006
 2.1300000e-006
 2.2700001e-006
 1.9500001e-006
 1.9199999e-006
 1.8900000e-006
 1.6300000e-006
 1.6900000e-006
 1.7999999e-006
 2.4100000e-006
 2.2100000e-006
 2.2700001e-006
 2.5700001e-006
 2.0200000e-006
 2.1400001e-006
 3.6399999e-006
 6.3299999e-006
 1.0100000e-005
 1.2700000e-005
 1.0400000e-005
 4.8900001e-006
 1.5099999e-006
 4.9599998e-007
 4.4800001e-007
 4.5600001e-007
 1.6700000e-007
 1.7900000e-007
 2.3800000e-007
 1.6100000e-007
 1.5300000e-007
 2.4299999e-007
 3.8600001e-007
 2.4400001e-007
 2.8500000e-007
 3.5100001e-007
 2.8400001e-007
 2.3699999e-007
 2.4500000e-007
 4.1999999e-007
 2.6000001e-007
 1.9800000e-007
 2.6699999e-007
 3.0499999e-007
 2.6199999e-007
 2.2300000e-007
 2.7499999e-007
 1.9600000e-007
 2.6300000e-007
 2.6199999e-007
 2.8299999e-007
 3.0199999e-007
 2.0600000e-007
 2.4400001e-007
 3.5700000e-007
 2.7199999e-007
 1.5099999e-007
 2.5300000e-007
 3.6399999e-007
 2.2499999e-007
 2.0400000e-007
 3.6300000e-007
 3.0100000e-007
 2.2899999e-007
 2.6000001e-007
 1.9900000e-007
 1.9200000e-007
 1.8700000e-007
 3.6700001e-007
 2.1100000e-007
 2.5099999e-007
 5.7800003e-007
 1.7100000e-006
 1.9900001e-006
 1.1900000e-006
 6.6100000e-007
 7.0700003e-007
 1.2400000e-006
 1.6400001e-006
 1.0799999e-006
 5.6599998e-007
 3.4600001e-007
 3.3100000e-007
 3.9099999e-007
 3.0999999e-007
 2.4100001e-007
 2.3200000e-007
 4.0000000e-007
 3.8200000e-007
 1.5700000e-007
 2.7999999e-007
 3.0699999e-007
 2.4600001e-007
 2.8500000e-007
 3.2899999e-007
 3.9400001e-007
 3.9800000e-007
 4.0399999e-007
 3.7300001e-007
 2.6100000e-007
 3.9000000e-007
 7.2099999e-007
 1.1100000e-006
 1.3900000e-006
 1.0900000e-006
 6.1300000e-007
 4.1300001e-007
 1.7200000e-007
 9.5200001e-008
 1.8999999e-007
 1.7799999e-007
 1.4900000e-007
 1.4699999e-007
 2.3400000e-007
 2.8900001e-007
 1.1700000e-007
 2.3800000e-007
 4.4500001e-007
 4.9599998e-007
 4.8499999e-007
 5.3999997e-007
 5.6599998e-007
 5.8600000e-007
 6.6799998e-007
 8.5500000e-007
 1.0600000e-006
 1.1200000e-006
 9.3099999e-007
 6.1800000e-007
 4.3599999e-007
 3.1900001e-007
 2.0700000e-007
 2.1500000e-007
 2.5000000e-007
 1.5000001e-007
 4.6699999e-008
 8.7399997e-008
 1.1900000e-007
 7.9400003e-008
 6.4699996e-008
 1.0700000e-007
 7.7099997e-008
 9.6599997e-008
 1.4600000e-007
 1.0800000e-007
 8.9099998e-008
 1.5200000e-007
 1.1200000e-007
 2.0800000e-008
 3.0999999e-008
 5.3600001e-008
 6.9899997e-008
 1.3099999e-007
 1.1000000e-007
 5.4099999e-008
 4.1500002e-008
 6.4200002e-008
 4.9899999e-008
 8.3600000e-008
 8.5899998e-008
 9.2699999e-008
 1.2700001e-007
 1.8900000e-007
 1.3600000e-007
 1.5400001e-007
 2.4900001e-007
 2.9300000e-007
 1.5000001e-007
 2.6100000e-007
 2.9800000e-007
 1.3000000e-007
 1.5099999e-007
 1.1700000e-007
 7.2399999e-008
 7.2699997e-008
 1.2000000e-007
 1.9800000e-007
 1.3200000e-007
 7.4799999e-008
 1.9500000e-007
 1.4600000e-007
 1.1800000e-007
 1.7700000e-007
 1.3899999e-007
 3.7200000e-008
 2.4900000e-008
 8.2900002e-008
 1.4699999e-007
 2.0000000e-007
 1.4100000e-007
 3.0600000e-007
 4.8200002e-007
 9.7800000e-007
 1.4500000e-006
 2.5700001e-006
 3.9800002e-006
 4.8500001e-006
 5.2500000e-006
 6.4199999e-006
 5.6499998e-006
 4.0099999e-006
 2.9400001e-006
 1.7900001e-006
 1.5700000e-006
 1.9100000e-006
 2.5500001e-006
 3.4100001e-006
 4.1200001e-006
 4.4600001e-006
 6.8600002e-006
 5.3300000e-006
 5.0899998e-006
 4.3700002e-006
 3.6100000e-006
 3.1200000e-006
 3.1899999e-006
 1.3200000e-006
 1.3300000e-006
 3.8300000e-006
 3.4499999e-006
 3.7400000e-006
 3.6199999e-006
 1.0700001e-006
 1.7800000e-006
 2.9600001e-006
 4.4700000e-006
 2.5100001e-006
 1.0799999e-006
 3.5700000e-006
 2.8500001e-006
 2.3699999e-006
 2.4900000e-006
 1.3200000e-006
 2.3299999e-006
 1.4300000e-006
 2.3800001e-006
 2.3800001e-006
 2.4599999e-006
 1.9600000e-006
 1.9500001e-006
 1.8700000e-006
 1.2800000e-006
 2.3900000e-006
 4.3599998e-006
 2.0400001e-005
 4.0999999e-005
 5.4700002e-005
 6.0099999e-005
 6.1699997e-005
 6.1500003e-005
 6.8599998e-005
 7.8300000e-005
 8.7300003e-005
 9.6000003e-005
 1.1000000e-004
 1.2500001e-004
 1.3499999e-004
 1.4300000e-004
 1.4100000e-004
 1.4300000e-004
 1.4300000e-004
 1.5100000e-004
 2.6599999e-004
 3.0900000e-004
 3.0600000e-004
 2.9400000e-004
 2.7700001e-004
 2.1200000e-004
 1.4900000e-004
 1.5100000e-004
 1.3900000e-004
 1.2899999e-004
 1.0400000e-004
 8.1600003e-005
 6.7800000e-005
 5.4500000e-005
 4.3500000e-005
 4.1300002e-005
 5.9599999e-005
 5.7800000e-005
 4.9300001e-005
 3.7999998e-005
 2.9299999e-005
 2.1500000e-005
 9.6599997e-006
 6.8899999e-006
 7.5500002e-006
 9.5699997e-006
 1.2900000e-005
 1.0900000e-005
 1.4000000e-005
 1.1200000e-005
 1.4300000e-005
 1.1400000e-005
 1.1700000e-005
 9.8299997e-006
 9.9299996e-006
 1.0300000e-005
 1.0400000e-005
 1.2900000e-005
 1.3500000e-005
 1.4100000e-005
 1.4000000e-005
 1.2600000e-005
 1.4200000e-005
 1.2900000e-005
 1.5200000e-005
 1.4300000e-005
 1.3600000e-005
 1.1200000e-005
 1.1700000e-005
 9.7000002e-006
 1.1500000e-005
 1.0800000e-005
 1.1000000e-005
 1.3500000e-005
 1.1700000e-005
 1.2700000e-005
 1.2100000e-005
 1.1700000e-005
 9.8800001e-006
 8.1400003e-006
 8.8099996e-006
 6.9700000e-006
 5.0200001e-006
 5.6200001e-006
 4.8500001e-006
 4.4200001e-006
 3.5400001e-006
 4.1100002e-006
 4.5500001e-006
 3.9400002e-006
 3.7499999e-006
 3.4899999e-006
 4.7300000e-006
 4.3999999e-006
 3.9600000e-006
 3.8000001e-006
 3.6700001e-006
 4.5699999e-006
 3.8600001e-006
 4.0400000e-006
 3.0199999e-006
 2.5600000e-006
 2.8400000e-006
 2.1000001e-006
 2.0499999e-006
 1.9600000e-006
 2.0299999e-006
 2.8200000e-006
 2.5800000e-006
 1.8700000e-006
 1.7900001e-006
 1.9700001e-006
 1.7500000e-006
 1.4100000e-006
 1.8700000e-006
 1.6800000e-006
 2.1500000e-006
 1.9700001e-006
 2.0099999e-006
 1.7300000e-006
 1.5500000e-006
 2.1200001e-006
 1.1900000e-006
 1.2500000e-006
 2.2100000e-006
 1.5400000e-006
 1.1400000e-006
 7.3500001e-007
 7.3400003e-007
 1.0200000e-006
 8.2800000e-007
 8.8899998e-007
 1.0100000e-006
 6.9700002e-007
 4.1100000e-007
 2.6500001e-007
 5.8299997e-007
 7.5399998e-007
 5.6900001e-007
 6.7500002e-007
 5.1699999e-007
 4.1100000e-007
 2.6699999e-007
 3.6599999e-007
 3.7800001e-007
 3.8799999e-007
 4.7000000e-007
 6.2700002e-007
 3.2299999e-007
 2.8100001e-007
 3.5200000e-007
 5.1600000e-007
 2.5099999e-007
 4.0699999e-007
 2.2400000e-007
 2.8100001e-007
 4.6200000e-007
 4.6800000e-007
 3.1799999e-007
 5.2100000e-007
 5.3700001e-007
 2.6199999e-007
 3.4199999e-007
 2.4600001e-007
 3.3800001e-007
 3.0800001e-007
 3.3300000e-007
 2.8700001e-007
 2.3800000e-007
 2.2499999e-007
 2.5500000e-007
 3.8900001e-007
 3.2800000e-007
 2.1100000e-007
 2.9800000e-007
 2.3299999e-007
 3.0300001e-007
 1.8700000e-007
 1.3700000e-007
 1.2000000e-007
 1.1100000e-007
 1.6000000e-007
 1.9200000e-007
 2.2099999e-007
 1.9700001e-007
 1.7600000e-007
 2.1900000e-007
 1.9800000e-007
 1.5600000e-007
 1.5500000e-007
 1.7500000e-007
 1.5200000e-007
 1.8500000e-007
 1.2400000e-007
 1.3700000e-007
 1.6600001e-007
 1.4000000e-007
 1.8100000e-007
 1.2800000e-007
 1.3099999e-007
 9.9899999e-008
 1.2400000e-007
 7.3599999e-008
 1.0100000e-007
 9.2199997e-008
 1.0300000e-007
 6.4500000e-008
 7.0100000e-008
 7.4500001e-008
 1.1300000e-007
 1.0900000e-007
 7.1400002e-008
 8.5200000e-008
 8.3200000e-008
 7.2200002e-008
 6.4600002e-008
 5.1499999e-008
 5.0200001e-008
 3.8400000e-008
 3.9200000e-008
 6.0200001e-008
 5.8500000e-008
 4.8200000e-008
 4.8000000e-008
 5.0299999e-008
 4.5499998e-008
 5.3400001e-008
 4.5000000e-008
 5.5200001e-008
 4.7000000e-008
 3.6700001e-008
 3.6100001e-008
 5.2099999e-008
 5.3699999e-008
 4.3600000e-008
 6.0100000e-008
 5.3699999e-008
 4.6699999e-008
 4.2100002e-008
 4.7099999e-008
 5.2299999e-008
 5.0699999e-008
 4.3299998e-008
 4.5200000e-008
 5.2499999e-008
 5.8700000e-008
 5.8000001e-008
 4.5299998e-008
 4.4299998e-008
 4.7899999e-008
 4.4200000e-008
 4.7499999e-008
 4.7299999e-008
 6.1500003e-008
 7.0500001e-008
 5.3200001e-008
 5.3699999e-008
 3.2399999e-008
 2.8300001e-008
 1.9500000e-008
 2.3000000e-008
 2.1300000e-008
 2.1900000e-008
 3.6399999e-008
 3.5100001e-008
 4.2900002e-008
 5.6699999e-008
 2.9800001e-008
 2.9900001e-008
 2.9900001e-008
 0.0000000e+000
 0.0000000e+000
 0.0000000e+000
 0.0000000e+000
 0.0000000e+000
 0.0000000e+000
 0.0000000e+000
 0.0000000e+000
 0.0000000e+000
 0.0000000e+000
 0.0000000e+000
 0.0000000e+000
 0.0000000e+000
 0.0000000e+000
 0.0000000e+000
 0.0000000e+000
 0.0000000e+000
 0.0000000e+000
 0.0000000e+000
 0.0000000e+000
 0.0000000e+000
 0.0000000e+000
 0.0000000e+000
 0.0000000e+000
 0.0000000e+000
 0.0000000e+000
 0.0000000e+000
 0.0000000e+000
 0.0000000e+000
 0.0000000e+000
 0.0000000e+000
 0.0000000e+000
 0.0000000e+000
 0.0000000e+000
 0.0000000e+000
 0.0000000e+000
 0.0000000e+000
 0.0000000e+000
 0.0000000e+000
 0.0000000e+000
 0.0000000e+000
 0.0000000e+000
 0.0000000e+000
 0.0000000e+000
 0.0000000e+000
 0.0000000e+000
 0.0000000e+000
 0.0000000e+000
 0.0000000e+000
 0.0000000e+000
 0.0000000e+000
 0.0000000e+000
 0.0000000e+000
 0.0000000e+000
 0.0000000e+000
 0.0000000e+000
 0.0000000e+000
 0.0000000e+000
 0.0000000e+000
 0.0000000e+000
 0.0000000e+000
 0.0000000e+000
 0.0000000e+000
 0.0000000e+000
 0.0000000e+000
 0.0000000e+000
 0.0000000e+000
 0.0000000e+000
 0.0000000e+000
 0.0000000e+000
 0.0000000e+000
 0.0000000e+000
 0.0000000e+000
 0.0000000e+000
 0.0000000e+000
 0.0000000e+000
 0.0000000e+000
 0.0000000e+000
 0.0000000e+000
 0.0000000e+000
 0.0000000e+000
 0.0000000e+000
 0.0000000e+000
 0.0000000e+000
 0.0000000e+000
 0.0000000e+000
 0.0000000e+000
 0.0000000e+000
 0.0000000e+000
 0.0000000e+000
 0.0000000e+000
 0.0000000e+000
 0.0000000e+000
 0.0000000e+000
 0.0000000e+000
 0.0000000e+000
 0.0000000e+000
 0.0000000e+000
 0.0000000e+000
 0.0000000e+000
 0.0000000e+000
 0.0000000e+000
 0.0000000e+000
 0.0000000e+000
 0.0000000e+000
 0.0000000e+000
 0.0000000e+000
 0.0000000e+000
 0.0000000e+000
 0.0000000e+000
 0.0000000e+000
 0.0000000e+000
 0.0000000e+000
 0.0000000e+000
 0.0000000e+000
 0.0000000e+000
 0.0000000e+000
 0.0000000e+000
 0.0000000e+000
 0.0000000e+000
 0.0000000e+000
 0.0000000e+000
 0.0000000e+000
 0.0000000e+000
 0.0000000e+000
 0.0000000e+000
 0.0000000e+000
 0.0000000e+000
 0.0000000e+000
 0.0000000e+000
 0.0000000e+000
 0.0000000e+000
 0.0000000e+000
 0.0000000e+000
 0.0000000e+000
 0.0000000e+000
 0.0000000e+000
 0.0000000e+000
 0.0000000e+000
 0.0000000e+000
 0.0000000e+000
 0.0000000e+000
 0.0000000e+000
 0.0000000e+000
 0.0000000e+000
 0.0000000e+000
 0.0000000e+000
 0.0000000e+000
 0.0000000e+000
 0.0000000e+000
 0.0000000e+000
 0.0000000e+000
 0.0000000e+000
 0.0000000e+000
 0.0000000e+000
 0.0000000e+000
 0.0000000e+000
 0.0000000e+000
 0.0000000e+000
 0.0000000e+000
 0.0000000e+000
 0.0000000e+000
 0.0000000e+000
 0.0000000e+000
 0.0000000e+000
 0.0000000e+000
 0.0000000e+000
 0.0000000e+000
 0.0000000e+000
 0.0000000e+000
 0.0000000e+000
 0.0000000e+000
 0.0000000e+000
 0.0000000e+000
 0.0000000e+000
 0.0000000e+000
 0.0000000e+000
 0.0000000e+000
 0.0000000e+000
 0.0000000e+000
 0.0000000e+000
 0.0000000e+000
 0.0000000e+000
 0.0000000e+000
 0.0000000e+000
 0.0000000e+000
 0.0000000e+000
 0.0000000e+000
 0.0000000e+000
 0.0000000e+000
 0.0000000e+000
 0.0000000e+000
 0.0000000e+000
 0.0000000e+000
 0.0000000e+000
 0.0000000e+000
 0.0000000e+000
 0.0000000e+000
 0.0000000e+000
 0.0000000e+000
 0.0000000e+000
 0.0000000e+000
 0.0000000e+000
 0.0000000e+000
 0.0000000e+000
 0.0000000e+000
 0.0000000e+000
 0.0000000e+000
 0.0000000e+000
 0.0000000e+000
 0.0000000e+000
 0.0000000e+000
 0.0000000e+000
 0.0000000e+000
 0.0000000e+000
 0.0000000e+000
 0.0000000e+000
 0.0000000e+000
 0.0000000e+000
 0.0000000e+000
 0.0000000e+000
 0.0000000e+000
 0.0000000e+000
 0.0000000e+000
 0.0000000e+000
 0.0000000e+000
 0.0000000e+000
 0.0000000e+000
 0.0000000e+000
 0.0000000e+000
 0.0000000e+000
 0.0000000e+000
 0.0000000e+000
 0.0000000e+000
 0.0000000e+000
 0.0000000e+000
 0.0000000e+000
 0.0000000e+000
 0.0000000e+000
 0.0000000e+000
 0.0000000e+000
 0.0000000e+000
 0.0000000e+000
 0.0000000e+000
 0.0000000e+000
 0.0000000e+000
 0.0000000e+000
 0.0000000e+000
 0.0000000e+000
 0.0000000e+000
 0.0000000e+000
 0.0000000e+000
 0.0000000e+000
 0.0000000e+000
 0.0000000e+000
 0.0000000e+000
 0.0000000e+000
 0.0000000e+000
 0.0000000e+000
 0.0000000e+000
 0.0000000e+000
 0.0000000e+000
 0.0000000e+000
 0.0000000e+000
 0.0000000e+000
 0.0000000e+000
 0.0000000e+000
 0.0000000e+000
 0.0000000e+000
 0.0000000e+000
 0.0000000e+000
 0.0000000e+000
 0.0000000e+000
 0.0000000e+000
 0.0000000e+000
 0.0000000e+000
 0.0000000e+000
 0.0000000e+000
 0.0000000e+000
 0.0000000e+000
 0.0000000e+000
 0.0000000e+000
 0.0000000e+000
 0.0000000e+000
 0.0000000e+000
 0.0000000e+000
 0.0000000e+000
 0.0000000e+000
 0.0000000e+000
 0.0000000e+000
 0.0000000e+000
 0.0000000e+000
 0.0000000e+000
 0.0000000e+000
 0.0000000e+000
 0.0000000e+000
 0.0000000e+000
 0.0000000e+000
 0.0000000e+000
 0.0000000e+000
 0.0000000e+000
 0.0000000e+000
 0.0000000e+000
 0.0000000e+000
 0.0000000e+000
 0.0000000e+000
 0.0000000e+000
 0.0000000e+000
 0.0000000e+000
 0.0000000e+000
 0.0000000e+000
 0.0000000e+000
 0.0000000e+000
 0.0000000e+000
 0.0000000e+000
 0.0000000e+000
 0.0000000e+000
 0.0000000e+000
 0.0000000e+000
 0.0000000e+000
 0.0000000e+000
 0.0000000e+000
 0.0000000e+000
 0.0000000e+000
 0.0000000e+000
 0.0000000e+000
 0.0000000e+000
 0.0000000e+000
 0.0000000e+000
 0.0000000e+000
 0.0000000e+000
 0.0000000e+000
 0.0000000e+000
 0.0000000e+000
 0.0000000e+000
 0.0000000e+000
 0.0000000e+000
 0.0000000e+000
 0.0000000e+000
 0.0000000e+000
 0.0000000e+000
 0.0000000e+000
 0.0000000e+000
 0.0000000e+000
 0.0000000e+000
 0.0000000e+000
 0.0000000e+000
 0.0000000e+000
 0.0000000e+000
 0.0000000e+000
 0.0000000e+000
 0.0000000e+000
 0.0000000e+000
 0.0000000e+000
 0.0000000e+000
 0.0000000e+000
 0.0000000e+000
 0.0000000e+000
 0.0000000e+000
 0.0000000e+000
 0.0000000e+000
 0.0000000e+000
 0.0000000e+000
 0.0000000e+000
 0.0000000e+000
 0.0000000e+000
 0.0000000e+000
 0.0000000e+000
 0.0000000e+000
 0.0000000e+000
 0.0000000e+000
 0.0000000e+000
 0.0000000e+000
 0.0000000e+000
 0.0000000e+000
 0.0000000e+000
 0.0000000e+000
 0.0000000e+000
 0.0000000e+000
 0.0000000e+000
 0.0000000e+000
 0.0000000e+000
 0.0000000e+000
 0.0000000e+000
 0.0000000e+000
 0.0000000e+000
 0.0000000e+000
 0.0000000e+000
 0.0000000e+000
 0.0000000e+000
 0.0000000e+000
 0.0000000e+000
 0.0000000e+000
 0.0000000e+000
 0.0000000e+000
 0.0000000e+000
 0.0000000e+000
 0.0000000e+000
 0.0000000e+000
 0.0000000e+000
 0.0000000e+000
 0.0000000e+000
 0.0000000e+000
 0.0000000e+000
 0.0000000e+000
 0.0000000e+000
 0.0000000e+000
 0.0000000e+000
 0.0000000e+000
 0.0000000e+000
 0.0000000e+000
 0.0000000e+000
 0.0000000e+000
 0.0000000e+000
 0.0000000e+000
 0.0000000e+000
 0.0000000e+000
 0.0000000e+000
 0.0000000e+000
 0.0000000e+000
 0.0000000e+000
 0.0000000e+000
 0.0000000e+000
 0.0000000e+000
 0.0000000e+000
 0.0000000e+000
 0.0000000e+000
 0.0000000e+000
 0.0000000e+000
 0.0000000e+000
 0.0000000e+000
 0.0000000e+000
 0.0000000e+000
 0.0000000e+000
 0.0000000e+000
 0.0000000e+000
 0.0000000e+000
 0.0000000e+000
 0.0000000e+000
 0.0000000e+000
 0.0000000e+000
 0.0000000e+000
 0.0000000e+000
 0.0000000e+000
 0.0000000e+000
 0.0000000e+000
 0.0000000e+000
 0.0000000e+000
 0.0000000e+000
 0.0000000e+000
 0.0000000e+000
 0.0000000e+000
 0.0000000e+000
 0.0000000e+000
 0.0000000e+000
 0.0000000e+000
 0.0000000e+000
 0.0000000e+000
 0.0000000e+000
 0.0000000e+000
 0.0000000e+000
 0.0000000e+000
 0.0000000e+000
 0.0000000e+000
 0.0000000e+000
 0.0000000e+000
 0.0000000e+000
 0.0000000e+000
 0.0000000e+000
 0.0000000e+000
 0.0000000e+000
 0.0000000e+000
 0.0000000e+000
 0.0000000e+000
 0.0000000e+000
 0.0000000e+000
 0.0000000e+000
 0.0000000e+000
 0.0000000e+000
 0.0000000e+000
 0.0000000e+000
 0.0000000e+000
 0.0000000e+000
 0.0000000e+000
 0.0000000e+000
 0.0000000e+000
 0.0000000e+000
 0.0000000e+000
 0.0000000e+000
 0.0000000e+000
 0.0000000e+000
 0.0000000e+000
 0.0000000e+000
 0.0000000e+000
 0.0000000e+000
 0.0000000e+000
 0.0000000e+000
 0.0000000e+000
 0.0000000e+000
 0.0000000e+000
 0.0000000e+000
 0.0000000e+000
 0.0000000e+000
 0.0000000e+000
 0.0000000e+000
 0.0000000e+000
 0.0000000e+000
 0.0000000e+000
 0.0000000e+000
 0.0000000e+000
 0.0000000e+000
 0.0000000e+000
 0.0000000e+000
 0.0000000e+000
 0.0000000e+000
 0.0000000e+000
 0.0000000e+000
 0.0000000e+000
 0.0000000e+000
 0.0000000e+000
 0.0000000e+000
 0.0000000e+000
 0.0000000e+000
 0.0000000e+000
 0.0000000e+000
 0.0000000e+000
 0.0000000e+000
 0.0000000e+000
 0.0000000e+000
 0.0000000e+000
 0.0000000e+000
 0.0000000e+000
 0.0000000e+000
 0.0000000e+000
 0.0000000e+000
 0.0000000e+000
 0.0000000e+000
 0.0000000e+000
 0.0000000e+000
 0.0000000e+000
 0.0000000e+000
 0.0000000e+000
 0.0000000e+000
 0.0000000e+000
 0.0000000e+000
 0.0000000e+000
 0.0000000e+000
 0.0000000e+000
 0.0000000e+000
 0.0000000e+000
 0.0000000e+000
 0.0000000e+000
 0.0000000e+000
 0.0000000e+000
 0.0000000e+000
 0.0000000e+000
 0.0000000e+000
 0.0000000e+000
 0.0000000e+000
 0.0000000e+000
 0.0000000e+000
 0.0000000e+000
 0.0000000e+000
 0.0000000e+000
 0.0000000e+000
 0.0000000e+000
 0.0000000e+000
 0.0000000e+000
 0.0000000e+000
 0.0000000e+000
 0.0000000e+000
 0.0000000e+000
 0.0000000e+000
 0.0000000e+000
 0.0000000e+000
 0.0000000e+000
 0.0000000e+000
 0.0000000e+000
 0.0000000e+000
 0.0000000e+000
 0.0000000e+000
 0.0000000e+000
 0.0000000e+000
 0.0000000e+000
 0.0000000e+000
 0.0000000e+000
 0.0000000e+000
 0.0000000e+000
 0.0000000e+000
 0.0000000e+000
 0.0000000e+000
 0.0000000e+000
 0.0000000e+000
 0.0000000e+000
 0.0000000e+000
 0.0000000e+000
 0.0000000e+000
 0.0000000e+000
 0.0000000e+000
 0.0000000e+000
 0.0000000e+000
 0.0000000e+000
 0.0000000e+000
 0.0000000e+000
 0.0000000e+000
 0.0000000e+000
 0.0000000e+000
 0.0000000e+000
 0.0000000e+000
 0.0000000e+000
 0.0000000e+000
 0.0000000e+000
 0.0000000e+000
 0.0000000e+000
 0.0000000e+000
 0.0000000e+000
 0.0000000e+000
 0.0000000e+000
 0.0000000e+000
 0.0000000e+000
 0.0000000e+000
 0.0000000e+000
 0.0000000e+000
 0.0000000e+000
 0.0000000e+000
 0.0000000e+000
 0.0000000e+000
 0.0000000e+000
 0.0000000e+000
 0.0000000e+000
 0.0000000e+000
 0.0000000e+000
 0.0000000e+000
 0.0000000e+000
 0.0000000e+000
 0.0000000e+000
 0.0000000e+000
 0.0000000e+000
 0.0000000e+000
 0.0000000e+000
 0.0000000e+000
 0.0000000e+000
 0.0000000e+000
 0.0000000e+000
 0.0000000e+000
 0.0000000e+000
 0.0000000e+000
 0.0000000e+000
 0.0000000e+000
 0.0000000e+000
 0.0000000e+000
 0.0000000e+000
 0.0000000e+000
 0.0000000e+000
 0.0000000e+000
 0.0000000e+000
 0.0000000e+000
 0.0000000e+000
 0.0000000e+000
 0.0000000e+000
 0.0000000e+000
 0.0000000e+000
 0.0000000e+000
 0.0000000e+000
 0.0000000e+000
 0.0000000e+000
 0.0000000e+000
 0.0000000e+000
 0.0000000e+000
 0.0000000e+000
 0.0000000e+000
 0.0000000e+000
 0.0000000e+000
 0.0000000e+000
 0.0000000e+000
 0.0000000e+000
 0.0000000e+000
 0.0000000e+000
 0.0000000e+000
 0.0000000e+000
 0.0000000e+000
 0.0000000e+000
 0.0000000e+000
 0.0000000e+000
 0.0000000e+000
 0.0000000e+000
 0.0000000e+000
 0.0000000e+000
 0.0000000e+000
 0.0000000e+000
 0.0000000e+000
 0.0000000e+000
 0.0000000e+000
 0.0000000e+000
 0.0000000e+000
 0.0000000e+000
 0.0000000e+000
 0.0000000e+000
 0.0000000e+000
 0.0000000e+000
 0.0000000e+000
 0.0000000e+000
 0.0000000e+000
 0.0000000e+000
 0.0000000e+000
 0.0000000e+000
 0.0000000e+000
 0.0000000e+000
 0.0000000e+000
 0.0000000e+000
 0.0000000e+000
 0.0000000e+000
 0.0000000e+000
 0.0000000e+000
 0.0000000e+000
 0.0000000e+000
 0.0000000e+000
 0.0000000e+000
 0.0000000e+000
 0.0000000e+000
 0.0000000e+000
 0.0000000e+000
 0.0000000e+000
 0.0000000e+000
 0.0000000e+000
 0.0000000e+000
 0.0000000e+000
 0.0000000e+000
 0.0000000e+000
 0.0000000e+000
 0.0000000e+000
 0.0000000e+000
 0.0000000e+000
 0.0000000e+000
 0.0000000e+000
 0.0000000e+000
 0.0000000e+000
 0.0000000e+000
 0.0000000e+000
 0.0000000e+000
 0.0000000e+000
 0.0000000e+000
 0.0000000e+000
 0.0000000e+000
 0.0000000e+000
 0.0000000e+000
 0.0000000e+000
 0.0000000e+000
 0.0000000e+000
 0.0000000e+000
 0.0000000e+000
 0.0000000e+000
 0.0000000e+000
 0.0000000e+000
 0.0000000e+000
 0.0000000e+000
 0.0000000e+000
 0.0000000e+000
 0.0000000e+000
 0.0000000e+000
 0.0000000e+000
 0.0000000e+000
 0.0000000e+000
 0.0000000e+000
 0.0000000e+000
 0.0000000e+000
 0.0000000e+000
 0.0000000e+000
 0.0000000e+000
 0.0000000e+000
 0.0000000e+000
 0.0000000e+000
 0.0000000e+000
 0.0000000e+000
 0.0000000e+000
 0.0000000e+000
 0.0000000e+000
 0.0000000e+000
 0.0000000e+000
 0.0000000e+000
 0.0000000e+000
 0.0000000e+000
 0.0000000e+000
 0.0000000e+000
 0.0000000e+000
 0.0000000e+000
 0.0000000e+000
 0.0000000e+000
 0.0000000e+000
 0.0000000e+000
 0.0000000e+000
 0.0000000e+000
 0.0000000e+000
 0.0000000e+000
 0.0000000e+000
 0.0000000e+000
 0.0000000e+000
 0.0000000e+000
 0.0000000e+000
 0.0000000e+000
 0.0000000e+000
 0.0000000e+000
 0.0000000e+000
 0.0000000e+000
 0.0000000e+000
 0.0000000e+000
 0.0000000e+000
 0.0000000e+000
 0.0000000e+000
 0.0000000e+000
 0.0000000e+000
 0.0000000e+000
 0.0000000e+000
 0.0000000e+000
 0.0000000e+000
 0.0000000e+000
 0.0000000e+000
 0.0000000e+000
 0.0000000e+000
 0.0000000e+000
 0.0000000e+000
 0.0000000e+000
 0.0000000e+000
 0.0000000e+000
 0.0000000e+000
 0.0000000e+000
 0.0000000e+000
 0.0000000e+000
 0.0000000e+000
 0.0000000e+000
 0.0000000e+000
 0.0000000e+000
 0.0000000e+000
 0.0000000e+000
 0.0000000e+000
 0.0000000e+000
 0.0000000e+000
 0.0000000e+000
 0.0000000e+000
 0.0000000e+000
 0.0000000e+000
 0.0000000e+000
 0.0000000e+000
 0.0000000e+000
 0.0000000e+000
 0.0000000e+000
 0.0000000e+000
 0.0000000e+000
 0.0000000e+000
 0.0000000e+000
 0.0000000e+000
 0.0000000e+000
 0.0000000e+000
 0.0000000e+000
 0.0000000e+000
 0.0000000e+000
 0.0000000e+000
 0.0000000e+000
 0.0000000e+000
 0.0000000e+000
 0.0000000e+000
 0.0000000e+000
 0.0000000e+000
 0.0000000e+000
 0.0000000e+000
 0.0000000e+000
 0.0000000e+000
 0.0000000e+000
 0.0000000e+000
 0.0000000e+000
 0.0000000e+000
 0.0000000e+000
 0.0000000e+000
 0.0000000e+000
 0.0000000e+000
 0.0000000e+000
 0.0000000e+000
 0.0000000e+000
 0.0000000e+000
 0.0000000e+000
 0.0000000e+000
 0.0000000e+000
 0.0000000e+000
 0.0000000e+000
 0.0000000e+000
 0.0000000e+000
 0.0000000e+000
 0.0000000e+000
 0.0000000e+000
 0.0000000e+000
 0.0000000e+000
 0.0000000e+000
 0.0000000e+000
 0.0000000e+000
 0.0000000e+000
 0.0000000e+000
 0.0000000e+000
 0.0000000e+000
 0.0000000e+000
 0.0000000e+000
 0.0000000e+000
 0.0000000e+000
 0.0000000e+000
 0.0000000e+000
 0.0000000e+000
 0.0000000e+000
 0.0000000e+000
 0.0000000e+000
 0.0000000e+000
 0.0000000e+000
 0.0000000e+000
 0.0000000e+000
 0.0000000e+000
 0.0000000e+000
 0.0000000e+000
 0.0000000e+000
 0.0000000e+000
 0.0000000e+000
 0.0000000e+000
 0.0000000e+000
 0.0000000e+000
 0.0000000e+000
 0.0000000e+000
 0.0000000e+000
 0.0000000e+000
 0.0000000e+000
 0.0000000e+000
 0.0000000e+000
 0.0000000e+000
 0.0000000e+000
 0.0000000e+000
 0.0000000e+000
 0.0000000e+000
 0.0000000e+000
 0.0000000e+000
 0.0000000e+000
 0.0000000e+000
 0.0000000e+000
 0.0000000e+000
 0.0000000e+000
 0.0000000e+000
 0.0000000e+000
 0.0000000e+000
 0.0000000e+000
 0.0000000e+000
 0.0000000e+000
 0.0000000e+000
 0.0000000e+000
 0.0000000e+000
 0.0000000e+000
 0.0000000e+000
 0.0000000e+000
 0.0000000e+000
 0.0000000e+000
 0.0000000e+000
 0.0000000e+000
 0.0000000e+000
 0.0000000e+000
 0.0000000e+000
 0.0000000e+000
 0.0000000e+000
 0.0000000e+000
 0.0000000e+000
 0.0000000e+000
 0.0000000e+000
 0.0000000e+000
 0.0000000e+000
 0.0000000e+000
 0.0000000e+000
 0.0000000e+000
 0.0000000e+000
 0.0000000e+000
 0.0000000e+000
 0.0000000e+000
 0.0000000e+000
 0.0000000e+000
 0.0000000e+000
 0.0000000e+000
 0.0000000e+000
 0.0000000e+000
 0.0000000e+000
 0.0000000e+000
 0.0000000e+000
 0.0000000e+000
 0.0000000e+000
 0.0000000e+000
 0.0000000e+000
 0.0000000e+000
 0.0000000e+000
 0.0000000e+000
 0.0000000e+000
 0.0000000e+000
 0.0000000e+000
 0.0000000e+000
 0.0000000e+000
 0.0000000e+000
 0.0000000e+000
 0.0000000e+000
 0.0000000e+000
 0.0000000e+000
 0.0000000e+000
 0.0000000e+000
 0.0000000e+000
 0.0000000e+000
 0.0000000e+000
 0.0000000e+000
 0.0000000e+000
 0.0000000e+000
 0.0000000e+000
 0.0000000e+000
 0.0000000e+000
 0.0000000e+000
 0.0000000e+000
 0.0000000e+000
 0.0000000e+000
 0.0000000e+000
 0.0000000e+000
 0.0000000e+000
 0.0000000e+000
 0.0000000e+000
 0.0000000e+000
 0.0000000e+000
 0.0000000e+000
 0.0000000e+000
 0.0000000e+000
 0.0000000e+000
 0.0000000e+000
 0.0000000e+000
 0.0000000e+000
 0.0000000e+000
 0.0000000e+000
 0.0000000e+000
 0.0000000e+000
 0.0000000e+000
 0.0000000e+000
 0.0000000e+000
 0.0000000e+000
 0.0000000e+000
 0.0000000e+000
 0.0000000e+000
 0.0000000e+000
 0.0000000e+000
 0.0000000e+000
 0.0000000e+000
 0.0000000e+000
 0.0000000e+000
 0.0000000e+000
 0.0000000e+000
 0.0000000e+000
 0.0000000e+000
 0.0000000e+000
 0.0000000e+000
 0.0000000e+000
 0.0000000e+000
 0.0000000e+000
 0.0000000e+000
 0.0000000e+000
 0.0000000e+000
 0.0000000e+000
 0.0000000e+000
 0.0000000e+000
 0.0000000e+000
 0.0000000e+000
 0.0000000e+000
 0.0000000e+000
 0.0000000e+000
 0.0000000e+000
 0.0000000e+000
 0.0000000e+000
 0.0000000e+000
 0.0000000e+000
 0.0000000e+000
 0.0000000e+000
 0.0000000e+000
 0.0000000e+000
 0.0000000e+000
 0.0000000e+000
 0.0000000e+000
 0.0000000e+000
 0.0000000e+000
 0.0000000e+000
 0.0000000e+000
 0.0000000e+000
 0.0000000e+000
 0.0000000e+000
 0.0000000e+000
 0.0000000e+000
 0.0000000e+000
 0.0000000e+000
 0.0000000e+000
 0.0000000e+000
 0.0000000e+000
 0.0000000e+000
 0.0000000e+000
 0.0000000e+000
 0.0000000e+000
 0.0000000e+000
 0.0000000e+000
 0.0000000e+000
 0.0000000e+000
 0.0000000e+000
 0.0000000e+000
 0.0000000e+000
 0.0000000e+000
 0.0000000e+000
 0.0000000e+000
 0.0000000e+000
 0.0000000e+000
 0.0000000e+000
 0.0000000e+000
 0.0000000e+000
 0.0000000e+000
 0.0000000e+000
 0.0000000e+000
 0.0000000e+000
 0.0000000e+000
 0.0000000e+000
 0.0000000e+000
 0.0000000e+000
 0.0000000e+000
 0.0000000e+000
 0.0000000e+000
 0.0000000e+000
 0.0000000e+000
 0.0000000e+000
 0.0000000e+000
 0.0000000e+000
 0.0000000e+000
 0.0000000e+000
 0.0000000e+000
 0.0000000e+000
 0.0000000e+000
 0.0000000e+000
 0.0000000e+000
 0.0000000e+000
 0.0000000e+000
 0.0000000e+000
 0.0000000e+000
 0.0000000e+000
 0.0000000e+000
 0.0000000e+000
 0.0000000e+000
 0.0000000e+000
 0.0000000e+000
 0.0000000e+000
 0.0000000e+000
 0.0000000e+000
 0.0000000e+000
 0.0000000e+000
 0.0000000e+000
 0.0000000e+000
 0.0000000e+000
 0.0000000e+000
 0.0000000e+000
 0.0000000e+000
 0.0000000e+000
 0.0000000e+000
 0.0000000e+000
 0.0000000e+000
 0.0000000e+000
 0.0000000e+000
 0.0000000e+000
 0.0000000e+000
 0.0000000e+000
 0.0000000e+000
 0.0000000e+000
 0.0000000e+000
 0.0000000e+000
 0.0000000e+000
 0.0000000e+000
 0.0000000e+000
 0.0000000e+000
 0.0000000e+000
 0.0000000e+000
 0.0000000e+000
 0.0000000e+000
 0.0000000e+000
 0.0000000e+000
 0.0000000e+000
 0.0000000e+000
 0.0000000e+000
 0.0000000e+000
 0.0000000e+000
 0.0000000e+000
 0.0000000e+000
 0.0000000e+000
 0.0000000e+000
 0.0000000e+000
 0.0000000e+000
 0.0000000e+000
 0.0000000e+000
 0.0000000e+000
 0.0000000e+000
 0.0000000e+000
 0.0000000e+000
 0.0000000e+000
 0.0000000e+000
 0.0000000e+000
 0.0000000e+000
 0.0000000e+000
 0.0000000e+000
 0.0000000e+000
 0.0000000e+000
 0.0000000e+000
 0.0000000e+000
 0.0000000e+000
 0.0000000e+000
 0.0000000e+000
 0.0000000e+000
 0.0000000e+000
 0.0000000e+000
 0.0000000e+000
 0.0000000e+000
 0.0000000e+000
 0.0000000e+000
 0.0000000e+000
 0.0000000e+000
 0.0000000e+000
 0.0000000e+000
 0.0000000e+000
 0.0000000e+000
 0.0000000e+000
 0.0000000e+000
 0.0000000e+000
 0.0000000e+000
 0.0000000e+000
 0.0000000e+000
 0.0000000e+000
 0.0000000e+000
 0.0000000e+000
 0.0000000e+000
 0.0000000e+000
 0.0000000e+000
 0.0000000e+000
 0.0000000e+000
 0.0000000e+000
 0.0000000e+000
 0.0000000e+000
 0.0000000e+000
 0.0000000e+000
 0.0000000e+000
 0.0000000e+000
 0.0000000e+000
 0.0000000e+000
 0.0000000e+000
 0.0000000e+000
 0.0000000e+000
 0.0000000e+000
 0.0000000e+000
 0.0000000e+000
 0.0000000e+000
 0.0000000e+000
 0.0000000e+000
 0.0000000e+000
 0.0000000e+000
 0.0000000e+000
 0.0000000e+000
 0.0000000e+000
 0.0000000e+000
 0.0000000e+000
 0.0000000e+000
 0.0000000e+000
 0.0000000e+000
 0.0000000e+000
 0.0000000e+000
 0.0000000e+000
 0.0000000e+000
 0.0000000e+000
 0.0000000e+000
 0.0000000e+000
 0.0000000e+000
 0.0000000e+000
 0.0000000e+000
 0.0000000e+000
 0.0000000e+000
 0.0000000e+000
 0.0000000e+000
 0.0000000e+000
 0.0000000e+000
 0.0000000e+000
 0.0000000e+000
 0.0000000e+000
 0.0000000e+000
 0.0000000e+000
 0.0000000e+000
 0.0000000e+000
 0.0000000e+000
 0.0000000e+000
 0.0000000e+000
 0.0000000e+000
 0.0000000e+000
 0.0000000e+000
 0.0000000e+000
 0.0000000e+000
 0.0000000e+000
 0.0000000e+000
 0.0000000e+000
 0.0000000e+000
 0.0000000e+000
 0.0000000e+000
 0.0000000e+000
 0.0000000e+000
 0.0000000e+000
 0.0000000e+000
 0.0000000e+000
 0.0000000e+000
 0.0000000e+000
 0.0000000e+000
 0.0000000e+000
 0.0000000e+000
 0.0000000e+000
 0.0000000e+000
 0.0000000e+000
 0.0000000e+000
 0.0000000e+000
 0.0000000e+000
 0.0000000e+000
 0.0000000e+000
 0.0000000e+000
 0.0000000e+000
 0.0000000e+000
 0.0000000e+000
 0.0000000e+000
 0.0000000e+000
 0.0000000e+000
 0.0000000e+000
 0.0000000e+000
 0.0000000e+000
 0.0000000e+000
 0.0000000e+000
 0.0000000e+000
 0.0000000e+000
 0.0000000e+000
 0.0000000e+000
 0.0000000e+000
 0.0000000e+000
 0.0000000e+000
 0.0000000e+000
 0.0000000e+000
 0.0000000e+000
 0.0000000e+000
 0.0000000e+000
 0.0000000e+000
 0.0000000e+000
 0.0000000e+000
 0.0000000e+000
 0.0000000e+000
 0.0000000e+000
 0.0000000e+000
 0.0000000e+000
 0.0000000e+000
 0.0000000e+000
 0.0000000e+000
 0.0000000e+000
 0.0000000e+000
 0.0000000e+000
 0.0000000e+000
 0.0000000e+000
 0.0000000e+000
 0.0000000e+000
 0.0000000e+000
 0.0000000e+000
 0.0000000e+000
 0.0000000e+000
 0.0000000e+000
 0.0000000e+000
 0.0000000e+000
 0.0000000e+000
 0.0000000e+000
 0.0000000e+000
 0.0000000e+000
 0.0000000e+000
 0.0000000e+000
 0.0000000e+000
 0.0000000e+000
 0.0000000e+000
 0.0000000e+000
 0.0000000e+000
 0.0000000e+000
 0.0000000e+000
 0.0000000e+000
 0.0000000e+000
 0.0000000e+000
 0.0000000e+000
 0.0000000e+000
 0.0000000e+000
 0.0000000e+000
 0.0000000e+000
 0.0000000e+000
 0.0000000e+000
 0.0000000e+000
 0.0000000e+000
 0.0000000e+000
 0.0000000e+000
 0.0000000e+000
 0.0000000e+000
 0.0000000e+000
 0.0000000e+000
 0.0000000e+000
 0.0000000e+000
