 S07WV3 Record=37: SRF Band 3 WorldView3 Green             
 8.5099998e-009
 9.2199999e-009
 5.4000000e-009
 3.7699999e-009
 4.9700000e-009
 3.9699999e-009
 2.7300000e-009
 3.1000000e-009
 2.3800000e-009
 1.7000000e-009
 3.2900001e-009
 3.4400001e-009
 1.5000000e-009
 2.7300000e-009
 1.8899999e-009
 2.2000000e-009
 1.9399999e-009
 1.9399999e-009
 4.0599999e-009
 3.8899999e-009
 3.7999999e-009
 1.8699999e-009
 5.6900000e-009
 2.9200000e-009
 6.7900001e-009
 1.1000000e-008
 7.5599997e-009
 9.6399999e-009
 8.3599998e-009
 1.2500000e-008
 8.8599998e-009
 9.7899999e-009
 1.3200000e-008
 1.7100000e-008
 1.3300000e-008
 3.1199999e-008
 1.1800000e-008
 2.2600000e-008
 2.1000000e-008
 2.7000000e-008
 2.9999999e-008
 1.8600000e-008
 1.8700000e-008
 2.9500001e-008
 3.4700001e-008
 3.9600000e-008
 9.4999999e-009
 9.9399999e-009
 2.1000000e-008
 1.5099999e-008
 4.5099998e-008
 1.6900000e-008
 1.2000000e-008
 2.8900001e-008
 2.7500000e-008
 5.8700000e-008
 3.8700001e-008
 1.2400000e-008
 4.0400000e-008
 3.5300001e-008
 2.2600000e-008
 2.6500000e-008
 6.9300000e-008
 2.1000000e-008
 5.1800001e-008
 3.1300001e-008
 4.5400000e-008
 4.3099998e-008
 3.3399999e-008
 5.7499999e-008
 3.8500001e-008
 2.8300001e-008
 5.1000001e-008
 4.5099998e-008
 2.2600000e-008
 4.7099999e-008
 7.3300001e-008
 3.3900001e-008
 3.2799999e-008
 6.2600002e-008
 4.3699998e-008
 1.4999999e-008
 4.0000000e-008
 4.8499999e-008
 4.4400000e-008
 5.0499999e-008
 6.6200002e-008
 9.9200001e-008
 1.8900000e-008
 6.3100003e-008
 1.1800000e-007
 9.2900002e-008
 9.7200001e-008
 9.0500002e-008
 2.0900001e-007
 2.0700000e-007
 2.5800000e-007
 2.1200000e-007
 1.8900000e-007
 2.8299999e-007
 3.5200000e-007
 3.6500001e-007
 2.8900001e-007
 2.1400000e-007
 3.6500001e-007
 5.8199998e-007
 6.8499997e-007
 5.2199999e-007
 3.6899999e-007
 3.1499999e-007
 3.7999999e-007
 4.1300001e-007
 3.6800000e-007
 2.6999999e-007
 2.2000000e-007
 2.1699999e-007
 2.6000001e-007
 4.2100001e-007
 5.7000000e-007
 5.4899999e-007
 4.5700000e-007
 3.7100000e-007
 3.3200001e-007
 4.4800001e-007
 5.6800002e-007
 6.8600002e-007
 5.3600002e-007
 4.1000001e-007
 3.5599999e-007
 2.9600000e-007
 3.1100001e-007
 3.9000000e-007
 5.1900003e-007
 6.3200002e-007
 6.7899998e-007
 5.9600001e-007
 5.6400000e-007
 5.3700001e-007
 5.5800001e-007
 6.1399999e-007
 8.3600003e-007
 1.1800000e-006
 1.7999999e-006
 3.0500000e-006
 4.9999999e-006
 8.5600004e-006
 1.3700000e-005
 2.1200000e-005
 3.2799999e-005
 5.2100000e-005
 9.0699999e-005
 1.7600000e-004
 3.8000001e-004
 9.3300000e-004
 2.4389999e-003
 6.4960001e-003
 2.5260000e-002
 4.6836000e-002
 1.2298000e-001
 2.0323600e-001
 4.0160701e-001
 5.9626901e-001
 6.6472697e-001
 7.3142099e-001
 7.5054401e-001
 7.6882100e-001
 7.6865202e-001
 7.6926100e-001
 7.8757799e-001
 8.0533499e-001
 8.0596697e-001
 8.0540597e-001
 7.9091102e-001
 7.7841097e-001
 7.9316902e-001
 8.0698401e-001
 8.0986100e-001
 8.1309199e-001
 8.1799102e-001
 8.2319498e-001
 8.3402002e-001
 8.4382898e-001
 8.4202099e-001
 8.3846599e-001
 8.1434602e-001
 7.9256499e-001
 7.9679799e-001
 8.0262399e-001
 8.2631898e-001
 8.4925503e-001
 8.5933900e-001
 8.6862099e-001
 8.7427598e-001
 8.7918901e-001
 8.7674600e-001
 8.7475097e-001
 8.7593901e-001
 8.7711000e-001
 8.7807697e-001
 8.8015699e-001
 8.9163601e-001
 9.0312302e-001
 9.1342598e-001
 9.2459100e-001
 9.4007897e-001
 9.5400101e-001
 9.6317101e-001
 9.7140402e-001
 9.6775800e-001
 9.6504700e-001
 9.6993500e-001
 9.7384799e-001
 9.7316700e-001
 9.7086400e-001
 9.5775998e-001
 9.4550902e-001
 9.3996900e-001
 9.3798000e-001
 9.5374399e-001
 9.6965599e-001
 9.8493701e-001
 9.9777102e-001
 1.0000000e+000
 9.9935001e-001
 9.8403800e-001
 9.6108598e-001
 9.0465999e-001
 8.3506000e-001
 7.0565999e-001
 5.7293802e-001
 4.2880899e-001
 2.9551199e-001
 2.0910800e-001
 1.3194799e-001
 9.3157001e-002
 5.8628000e-002
 4.1508999e-002
 2.4866000e-002
 1.6782001e-002
 1.1052000e-002
 7.4809999e-003
 4.9669999e-003
 3.5160000e-003
 2.5299999e-003
 1.9280000e-003
 1.4850000e-003
 1.1490000e-003
 8.9600001e-004
 7.0199999e-004
 5.5000000e-004
 4.2900001e-004
 3.3600000e-004
 2.6299999e-004
 2.0700000e-004
 1.6500000e-004
 1.3299999e-004
 1.1000000e-004
 9.2200004e-005
 7.8300000e-005
 6.7399997e-005
 5.8199999e-005
 5.0300001e-005
 4.3299999e-005
 3.6900001e-005
 3.1399999e-005
 2.6600001e-005
 2.2400000e-005
 1.8999999e-005
 1.6200000e-005
 1.4100000e-005
 1.2500000e-005
 1.1100000e-005
 1.0200000e-005
 9.4300003e-006
 8.7899998e-006
 8.2400002e-006
 7.8100002e-006
 7.3699998e-006
 6.9100001e-006
 6.5999998e-006
 6.2099998e-006
 5.8400001e-006
 5.4799998e-006
 5.0899998e-006
 4.7200001e-006
 4.4300000e-006
 4.2000001e-006
 4.0400000e-006
 3.9000001e-006
 3.6900001e-006
 3.5400001e-006
 3.4200000e-006
 3.2999999e-006
 3.1500001e-006
 2.9099999e-006
 2.8600000e-006
 2.7200001e-006
 2.5800000e-006
 2.5400000e-006
 2.4999999e-006
 2.3900000e-006
 2.3099999e-006
 2.2800000e-006
 2.2900001e-006
 2.3400000e-006
 2.4100000e-006
 2.4200001e-006
 2.4599999e-006
 2.5300001e-006
 2.6499999e-006
 2.6600001e-006
 2.7000001e-006
 2.6600001e-006
 2.6099999e-006
 2.7100000e-006
 2.7300000e-006
 2.6900000e-006
 2.6800001e-006
 2.6900000e-006
 2.7000001e-006
 2.7000001e-006
 2.7900001e-006
 2.8300001e-006
 2.8899999e-006
 2.8600000e-006
 2.8100001e-006
 2.9500000e-006
 3.2700000e-006
 3.3100000e-006
 3.3300000e-006
 3.4000000e-006
 3.2400001e-006
 3.3599999e-006
 3.7600000e-006
 3.9000001e-006
 4.0000000e-006
 4.0400000e-006
 4.0400000e-006
 3.8799999e-006
 3.5500000e-006
 3.1100001e-006
 2.6000000e-006
 2.0699999e-006
 1.4700000e-006
 1.1400000e-006
 9.3400001e-007
 6.8999998e-007
 4.8300001e-007
 3.9899999e-007
 3.1600001e-007
 2.3299999e-007
 1.8199999e-007
 1.7900000e-007
 1.5500000e-007
 1.2000000e-007
 5.3200001e-008
 8.2800000e-008
 9.2100002e-008
 6.2799998e-008
 7.4500001e-008
 4.2700002e-008
 4.2400000e-008
 7.4100001e-008
 7.8299998e-008
 7.4799999e-008
 6.2399998e-008
 6.1999998e-008
 9.8900003e-008
 5.9999998e-008
 2.2100000e-008
 7.5300001e-008
 1.1100000e-007
 7.6500001e-008
 3.8800000e-008
 6.1599998e-008
 7.3300001e-008
 5.6299999e-008
 3.3700001e-008
 3.1399999e-008
 3.2700001e-008
 3.8700001e-008
 6.6799998e-008
 8.6100002e-008
 1.1600000e-007
 7.2299997e-008
 1.4000000e-008
 4.3600000e-008
 4.6099998e-008
 2.7900001e-008
 6.5000002e-008
 8.3400003e-008
 8.2299998e-008
 1.0600000e-007
 9.2900002e-008
 9.2299999e-008
 1.7700000e-007
 2.5000000e-007
 2.6399999e-007
 3.6899999e-007
 4.2600001e-007
 5.4100002e-007
 5.4100002e-007
 6.7100001e-007
 7.9000000e-007
 7.6399999e-007
 7.3100000e-007
 6.4300002e-007
 5.3799999e-007
 5.4399999e-007
 5.4300000e-007
 4.8200002e-007
 4.7600000e-007
 4.8599998e-007
 3.4000001e-007
 3.7300001e-007
 4.6500000e-007
 4.5300001e-007
 5.3100001e-007
 4.9400001e-007
 4.2299999e-007
 2.7199999e-007
 2.7999999e-007
 2.6699999e-007
 2.0700000e-007
 1.7000001e-007
 1.5700000e-007
 1.2600000e-007
 1.5200000e-007
 1.7399999e-007
 1.0200000e-007
 1.2000000e-007
 1.6800000e-007
 1.2700001e-007
 6.4900000e-008
 1.0700000e-007
 1.4800000e-007
 6.9099997e-008
 6.8799999e-008
 1.1000000e-007
 1.5300000e-007
 1.0900000e-007
 8.0400000e-008
 5.8500000e-008
 4.6400000e-008
 1.1600000e-007
 1.2300001e-007
 1.3800000e-007
 1.2400000e-007
 9.1499999e-008
 4.9600001e-008
 1.1000000e-008
 2.3300000e-009
 1.0900000e-009
 4.1300002e-008
 4.5299998e-008
 3.7700001e-008
 6.4500000e-008
 6.0399998e-008
 3.5799999e-008
 1.1700000e-006
 8.4699996e-006
 1.3700000e-005
 8.2799997e-006
 1.3200000e-006
 2.6600000e-008
 3.6799999e-008
 5.9100000e-008
 2.2000000e-008
 5.0400000e-009
 2.4800000e-008
 9.9999999e-009
 4.6499999e-008
 2.3500000e-008
 2.5100000e-009
 6.6199997e-011
 9.9799999e-009
 1.7500000e-008
 4.1300002e-008
 6.0100000e-008
 3.7700001e-008
 6.2100000e-008
 4.3400000e-008
 1.7300000e-008
 1.4000000e-007
 4.2500002e-008
 1.5299999e-008
 1.6100000e-008
 5.2800001e-008
 1.5200000e-007
 7.2900001e-008
 8.6999997e-008
 9.5099999e-008
 4.2500002e-008
 3.5200001e-009
 8.0200003e-008
 1.6700000e-007
 3.6399999e-008
 1.3000000e-007
 2.7300000e-006
 3.4200000e-006
 3.6599999e-006
 3.1300001e-006
 3.2200001e-006
 4.6499999e-006
 3.5500000e-006
 2.2300001e-006
 2.1400001e-006
 2.3699999e-006
 2.2300001e-006
 4.4799999e-006
 4.4300000e-006
 3.5000000e-006
 3.2099999e-006
 2.9099999e-006
 3.3900001e-006
 3.0900001e-006
 2.3600001e-006
 2.6099999e-006
 2.1400001e-006
 1.6900000e-006
 2.2800000e-006
 1.9399999e-006
 2.1000001e-006
 1.9500001e-006
 1.2600000e-006
 2.0900000e-006
 2.0000000e-006
 1.9300001e-006
 1.9900001e-006
 2.0400000e-006
 2.1700000e-006
 1.9199999e-006
 1.5900000e-006
 1.2100001e-006
 1.9800000e-006
 1.3000000e-006
 1.5600000e-006
 1.1900000e-006
 1.6300000e-006
 1.6600000e-006
 1.1900000e-006
 1.8500000e-006
 1.3800000e-006
 1.7500000e-006
 1.3600001e-006
 9.4600000e-007
 1.0100000e-006
 5.1100000e-007
 8.0799998e-007
 9.6199994e-007
 9.4400002e-007
 8.1200000e-007
 7.2500001e-007
 4.9499999e-007
 7.6600003e-007
 9.1900000e-007
 8.2399998e-007
 8.4300001e-007
 5.6200003e-007
 4.4500001e-007
 3.3300000e-007
 9.7600002e-007
 1.0000000e-006
 7.7900000e-007
 4.6200000e-007
 4.4000001e-007
 5.1900003e-007
 3.0900000e-007
 4.6500000e-007
 2.8900001e-007
 2.5099999e-007
 5.5100003e-007
 5.2100000e-007
 4.8300001e-007
 5.3200000e-007
 4.3500000e-007
 3.2000000e-007
 4.1199999e-007
 3.5700000e-007
 3.3900000e-007
 3.0199999e-007
 2.0400000e-007
 1.5600000e-007
 1.8500000e-007
 1.7700000e-007
 3.9800000e-007
 3.3000001e-007
 3.1400000e-007
 2.4900001e-007
 2.3600001e-007
 2.0000000e-007
 4.2299999e-007
 4.1000001e-007
 3.5700000e-007
 3.0100000e-007
 4.0399999e-007
 3.0300001e-007
 3.7000001e-007
 3.5400001e-007
 4.6000000e-007
 3.7600000e-007
 3.7699999e-007
 3.2000000e-007
 3.4199999e-007
 2.1000000e-007
 3.1200000e-007
 2.6999999e-007
 3.0699999e-007
 3.6099999e-007
 3.6800000e-007
 3.9200000e-007
 3.7000001e-007
 1.9900000e-007
 2.3500000e-007
 2.6999999e-007
 2.3200000e-007
 1.8800000e-007
 2.3299999e-007
 2.2800000e-007
 1.9500000e-007
 1.8700000e-007
 2.3400000e-007
 3.0900000e-007
 2.9200001e-007
 2.4900001e-007
 2.3800000e-007
 2.3900000e-007
 2.0500001e-007
 6.7199998e-008
 9.7899999e-008
 2.0000000e-007
 1.8199999e-007
 1.8199999e-007
 2.1400000e-007
 2.3900000e-007
 1.9500000e-007
 2.4799999e-007
 2.5500000e-007
 2.0400000e-007
 2.3999999e-007
 1.9200000e-007
 2.4400001e-007
 2.3800000e-007
 2.6100000e-007
 1.9200000e-007
 1.6200001e-007
 1.5600000e-007
 1.5900000e-007
 1.6300000e-007
 1.0900000e-007
 1.9300001e-007
 2.1900000e-007
 1.5500000e-007
 1.7600000e-007
 2.0700000e-007
 1.6100000e-007
 1.6300000e-007
 2.2499999e-007
 9.0199997e-008
 9.2400001e-008
 5.2099999e-008
 5.6400001e-008
 6.5800002e-008
 6.9499997e-008
 1.2700001e-007
 1.3499999e-007
 1.9600000e-007
 2.0700000e-007
 1.6900000e-007
 1.6300000e-007
 2.3100000e-007
 2.2099999e-007
 2.5000000e-007
 2.0200000e-007
 1.7300000e-007
 1.3800000e-007
 1.5500000e-007
 2.0400000e-007
 2.2099999e-007
 2.0000000e-007
 2.1699999e-007
 2.0000000e-007
 1.7700000e-007
 1.6300000e-007
 1.2700001e-007
 1.4000000e-007
 1.2800000e-007
 1.7000001e-007
 1.5900000e-007
 1.6000000e-007
 1.3800000e-007
 1.0700000e-007
 1.2300001e-007
 9.9300003e-008
 9.7899999e-008
 1.0700000e-007
 1.1200000e-007
 1.1900000e-007
 1.4000000e-007
 1.2200000e-007
 1.1000000e-007
 9.5600001e-008
 9.2999997e-008
 9.9600001e-008
 7.0799999e-008
 7.5400003e-008
 7.8600003e-008
 7.1499997e-008
 6.7000002e-008
 7.0399999e-008
 8.6199996e-008
 8.1600000e-008
 8.4299998e-008
 7.8299998e-008
 6.5300000e-008
 8.1499998e-008
 6.7199998e-008
 6.6699997e-008
 6.2600002e-008
 6.1599998e-008
 5.8800001e-008
 6.2399998e-008
 6.6399998e-008
 6.5199998e-008
 5.9100000e-008
 5.1200001e-008
 3.8400000e-008
 4.6099998e-008
 5.0000001e-008
 4.2400000e-008
 4.9699999e-008
 4.6200000e-008
 5.0600001e-008
 4.1700002e-008
 4.5400000e-008
 5.9200001e-008
 5.4899999e-008
 5.8700000e-008
 5.3000001e-008
 4.7299999e-008
 5.3400001e-008
 6.2500000e-008
 5.7899999e-008
 5.5299999e-008
 7.3000002e-008
 8.3700002e-008
 8.3300002e-008
 9.0400000e-008
 9.0800000e-008
 9.0900002e-008
 9.0999997e-008
 0.0000000e+000
 0.0000000e+000
 0.0000000e+000
 0.0000000e+000
 0.0000000e+000
 0.0000000e+000
 0.0000000e+000
 0.0000000e+000
 0.0000000e+000
 0.0000000e+000
 0.0000000e+000
 0.0000000e+000
 0.0000000e+000
 0.0000000e+000
 0.0000000e+000
 0.0000000e+000
 0.0000000e+000
 0.0000000e+000
 0.0000000e+000
 0.0000000e+000
 0.0000000e+000
 0.0000000e+000
 0.0000000e+000
 0.0000000e+000
 0.0000000e+000
 0.0000000e+000
 0.0000000e+000
 0.0000000e+000
 0.0000000e+000
 0.0000000e+000
 0.0000000e+000
 0.0000000e+000
 0.0000000e+000
 0.0000000e+000
 0.0000000e+000
 0.0000000e+000
 0.0000000e+000
 0.0000000e+000
 0.0000000e+000
 0.0000000e+000
 0.0000000e+000
 0.0000000e+000
 0.0000000e+000
 0.0000000e+000
 0.0000000e+000
 0.0000000e+000
 0.0000000e+000
 0.0000000e+000
 0.0000000e+000
 0.0000000e+000
 0.0000000e+000
 0.0000000e+000
 0.0000000e+000
 0.0000000e+000
 0.0000000e+000
 0.0000000e+000
 0.0000000e+000
 0.0000000e+000
 0.0000000e+000
 0.0000000e+000
 0.0000000e+000
 0.0000000e+000
 0.0000000e+000
 0.0000000e+000
 0.0000000e+000
 0.0000000e+000
 0.0000000e+000
 0.0000000e+000
 0.0000000e+000
 0.0000000e+000
 0.0000000e+000
 0.0000000e+000
 0.0000000e+000
 0.0000000e+000
 0.0000000e+000
 0.0000000e+000
 0.0000000e+000
 0.0000000e+000
 0.0000000e+000
 0.0000000e+000
 0.0000000e+000
 0.0000000e+000
 0.0000000e+000
 0.0000000e+000
 0.0000000e+000
 0.0000000e+000
 0.0000000e+000
 0.0000000e+000
 0.0000000e+000
 0.0000000e+000
 0.0000000e+000
 0.0000000e+000
 0.0000000e+000
 0.0000000e+000
 0.0000000e+000
 0.0000000e+000
 0.0000000e+000
 0.0000000e+000
 0.0000000e+000
 0.0000000e+000
 0.0000000e+000
 0.0000000e+000
 0.0000000e+000
 0.0000000e+000
 0.0000000e+000
 0.0000000e+000
 0.0000000e+000
 0.0000000e+000
 0.0000000e+000
 0.0000000e+000
 0.0000000e+000
 0.0000000e+000
 0.0000000e+000
 0.0000000e+000
 0.0000000e+000
 0.0000000e+000
 0.0000000e+000
 0.0000000e+000
 0.0000000e+000
 0.0000000e+000
 0.0000000e+000
 0.0000000e+000
 0.0000000e+000
 0.0000000e+000
 0.0000000e+000
 0.0000000e+000
 0.0000000e+000
 0.0000000e+000
 0.0000000e+000
 0.0000000e+000
 0.0000000e+000
 0.0000000e+000
 0.0000000e+000
 0.0000000e+000
 0.0000000e+000
 0.0000000e+000
 0.0000000e+000
 0.0000000e+000
 0.0000000e+000
 0.0000000e+000
 0.0000000e+000
 0.0000000e+000
 0.0000000e+000
 0.0000000e+000
 0.0000000e+000
 0.0000000e+000
 0.0000000e+000
 0.0000000e+000
 0.0000000e+000
 0.0000000e+000
 0.0000000e+000
 0.0000000e+000
 0.0000000e+000
 0.0000000e+000
 0.0000000e+000
 0.0000000e+000
 0.0000000e+000
 0.0000000e+000
 0.0000000e+000
 0.0000000e+000
 0.0000000e+000
 0.0000000e+000
 0.0000000e+000
 0.0000000e+000
 0.0000000e+000
 0.0000000e+000
 0.0000000e+000
 0.0000000e+000
 0.0000000e+000
 0.0000000e+000
 0.0000000e+000
 0.0000000e+000
 0.0000000e+000
 0.0000000e+000
 0.0000000e+000
 0.0000000e+000
 0.0000000e+000
 0.0000000e+000
 0.0000000e+000
 0.0000000e+000
 0.0000000e+000
 0.0000000e+000
 0.0000000e+000
 0.0000000e+000
 0.0000000e+000
 0.0000000e+000
 0.0000000e+000
 0.0000000e+000
 0.0000000e+000
 0.0000000e+000
 0.0000000e+000
 0.0000000e+000
 0.0000000e+000
 0.0000000e+000
 0.0000000e+000
 0.0000000e+000
 0.0000000e+000
 0.0000000e+000
 0.0000000e+000
 0.0000000e+000
 0.0000000e+000
 0.0000000e+000
 0.0000000e+000
 0.0000000e+000
 0.0000000e+000
 0.0000000e+000
 0.0000000e+000
 0.0000000e+000
 0.0000000e+000
 0.0000000e+000
 0.0000000e+000
 0.0000000e+000
 0.0000000e+000
 0.0000000e+000
 0.0000000e+000
 0.0000000e+000
 0.0000000e+000
 0.0000000e+000
 0.0000000e+000
 0.0000000e+000
 0.0000000e+000
 0.0000000e+000
 0.0000000e+000
 0.0000000e+000
 0.0000000e+000
 0.0000000e+000
 0.0000000e+000
 0.0000000e+000
 0.0000000e+000
 0.0000000e+000
 0.0000000e+000
 0.0000000e+000
 0.0000000e+000
 0.0000000e+000
 0.0000000e+000
 0.0000000e+000
 0.0000000e+000
 0.0000000e+000
 0.0000000e+000
 0.0000000e+000
 0.0000000e+000
 0.0000000e+000
 0.0000000e+000
 0.0000000e+000
 0.0000000e+000
 0.0000000e+000
 0.0000000e+000
 0.0000000e+000
 0.0000000e+000
 0.0000000e+000
 0.0000000e+000
 0.0000000e+000
 0.0000000e+000
 0.0000000e+000
 0.0000000e+000
 0.0000000e+000
 0.0000000e+000
 0.0000000e+000
 0.0000000e+000
 0.0000000e+000
 0.0000000e+000
 0.0000000e+000
 0.0000000e+000
 0.0000000e+000
 0.0000000e+000
 0.0000000e+000
 0.0000000e+000
 0.0000000e+000
 0.0000000e+000
 0.0000000e+000
 0.0000000e+000
 0.0000000e+000
 0.0000000e+000
 0.0000000e+000
 0.0000000e+000
 0.0000000e+000
 0.0000000e+000
 0.0000000e+000
 0.0000000e+000
 0.0000000e+000
 0.0000000e+000
 0.0000000e+000
 0.0000000e+000
 0.0000000e+000
 0.0000000e+000
 0.0000000e+000
 0.0000000e+000
 0.0000000e+000
 0.0000000e+000
 0.0000000e+000
 0.0000000e+000
 0.0000000e+000
 0.0000000e+000
 0.0000000e+000
 0.0000000e+000
 0.0000000e+000
 0.0000000e+000
 0.0000000e+000
 0.0000000e+000
 0.0000000e+000
 0.0000000e+000
 0.0000000e+000
 0.0000000e+000
 0.0000000e+000
 0.0000000e+000
 0.0000000e+000
 0.0000000e+000
 0.0000000e+000
 0.0000000e+000
 0.0000000e+000
 0.0000000e+000
 0.0000000e+000
 0.0000000e+000
 0.0000000e+000
 0.0000000e+000
 0.0000000e+000
 0.0000000e+000
 0.0000000e+000
 0.0000000e+000
 0.0000000e+000
 0.0000000e+000
 0.0000000e+000
 0.0000000e+000
 0.0000000e+000
 0.0000000e+000
 0.0000000e+000
 0.0000000e+000
 0.0000000e+000
 0.0000000e+000
 0.0000000e+000
 0.0000000e+000
 0.0000000e+000
 0.0000000e+000
 0.0000000e+000
 0.0000000e+000
 0.0000000e+000
 0.0000000e+000
 0.0000000e+000
 0.0000000e+000
 0.0000000e+000
 0.0000000e+000
 0.0000000e+000
 0.0000000e+000
 0.0000000e+000
 0.0000000e+000
 0.0000000e+000
 0.0000000e+000
 0.0000000e+000
 0.0000000e+000
 0.0000000e+000
 0.0000000e+000
 0.0000000e+000
 0.0000000e+000
 0.0000000e+000
 0.0000000e+000
 0.0000000e+000
 0.0000000e+000
 0.0000000e+000
 0.0000000e+000
 0.0000000e+000
 0.0000000e+000
 0.0000000e+000
 0.0000000e+000
 0.0000000e+000
 0.0000000e+000
 0.0000000e+000
 0.0000000e+000
 0.0000000e+000
 0.0000000e+000
 0.0000000e+000
 0.0000000e+000
 0.0000000e+000
 0.0000000e+000
 0.0000000e+000
 0.0000000e+000
 0.0000000e+000
 0.0000000e+000
 0.0000000e+000
 0.0000000e+000
 0.0000000e+000
 0.0000000e+000
 0.0000000e+000
 0.0000000e+000
 0.0000000e+000
 0.0000000e+000
 0.0000000e+000
 0.0000000e+000
 0.0000000e+000
 0.0000000e+000
 0.0000000e+000
 0.0000000e+000
 0.0000000e+000
 0.0000000e+000
 0.0000000e+000
 0.0000000e+000
 0.0000000e+000
 0.0000000e+000
 0.0000000e+000
 0.0000000e+000
 0.0000000e+000
 0.0000000e+000
 0.0000000e+000
 0.0000000e+000
 0.0000000e+000
 0.0000000e+000
 0.0000000e+000
 0.0000000e+000
 0.0000000e+000
 0.0000000e+000
 0.0000000e+000
 0.0000000e+000
 0.0000000e+000
 0.0000000e+000
 0.0000000e+000
 0.0000000e+000
 0.0000000e+000
 0.0000000e+000
 0.0000000e+000
 0.0000000e+000
 0.0000000e+000
 0.0000000e+000
 0.0000000e+000
 0.0000000e+000
 0.0000000e+000
 0.0000000e+000
 0.0000000e+000
 0.0000000e+000
 0.0000000e+000
 0.0000000e+000
 0.0000000e+000
 0.0000000e+000
 0.0000000e+000
 0.0000000e+000
 0.0000000e+000
 0.0000000e+000
 0.0000000e+000
 0.0000000e+000
 0.0000000e+000
 0.0000000e+000
 0.0000000e+000
 0.0000000e+000
 0.0000000e+000
 0.0000000e+000
 0.0000000e+000
 0.0000000e+000
 0.0000000e+000
 0.0000000e+000
 0.0000000e+000
 0.0000000e+000
 0.0000000e+000
 0.0000000e+000
 0.0000000e+000
 0.0000000e+000
 0.0000000e+000
 0.0000000e+000
 0.0000000e+000
 0.0000000e+000
 0.0000000e+000
 0.0000000e+000
 0.0000000e+000
 0.0000000e+000
 0.0000000e+000
 0.0000000e+000
 0.0000000e+000
 0.0000000e+000
 0.0000000e+000
 0.0000000e+000
 0.0000000e+000
 0.0000000e+000
 0.0000000e+000
 0.0000000e+000
 0.0000000e+000
 0.0000000e+000
 0.0000000e+000
 0.0000000e+000
 0.0000000e+000
 0.0000000e+000
 0.0000000e+000
 0.0000000e+000
 0.0000000e+000
 0.0000000e+000
 0.0000000e+000
 0.0000000e+000
 0.0000000e+000
 0.0000000e+000
 0.0000000e+000
 0.0000000e+000
 0.0000000e+000
 0.0000000e+000
 0.0000000e+000
 0.0000000e+000
 0.0000000e+000
 0.0000000e+000
 0.0000000e+000
 0.0000000e+000
 0.0000000e+000
 0.0000000e+000
 0.0000000e+000
 0.0000000e+000
 0.0000000e+000
 0.0000000e+000
 0.0000000e+000
 0.0000000e+000
 0.0000000e+000
 0.0000000e+000
 0.0000000e+000
 0.0000000e+000
 0.0000000e+000
 0.0000000e+000
 0.0000000e+000
 0.0000000e+000
 0.0000000e+000
 0.0000000e+000
 0.0000000e+000
 0.0000000e+000
 0.0000000e+000
 0.0000000e+000
 0.0000000e+000
 0.0000000e+000
 0.0000000e+000
 0.0000000e+000
 0.0000000e+000
 0.0000000e+000
 0.0000000e+000
 0.0000000e+000
 0.0000000e+000
 0.0000000e+000
 0.0000000e+000
 0.0000000e+000
 0.0000000e+000
 0.0000000e+000
 0.0000000e+000
 0.0000000e+000
 0.0000000e+000
 0.0000000e+000
 0.0000000e+000
 0.0000000e+000
 0.0000000e+000
 0.0000000e+000
 0.0000000e+000
 0.0000000e+000
 0.0000000e+000
 0.0000000e+000
 0.0000000e+000
 0.0000000e+000
 0.0000000e+000
 0.0000000e+000
 0.0000000e+000
 0.0000000e+000
 0.0000000e+000
 0.0000000e+000
 0.0000000e+000
 0.0000000e+000
 0.0000000e+000
 0.0000000e+000
 0.0000000e+000
 0.0000000e+000
 0.0000000e+000
 0.0000000e+000
 0.0000000e+000
 0.0000000e+000
 0.0000000e+000
 0.0000000e+000
 0.0000000e+000
 0.0000000e+000
 0.0000000e+000
 0.0000000e+000
 0.0000000e+000
 0.0000000e+000
 0.0000000e+000
 0.0000000e+000
 0.0000000e+000
 0.0000000e+000
 0.0000000e+000
 0.0000000e+000
 0.0000000e+000
 0.0000000e+000
 0.0000000e+000
 0.0000000e+000
 0.0000000e+000
 0.0000000e+000
 0.0000000e+000
 0.0000000e+000
 0.0000000e+000
 0.0000000e+000
 0.0000000e+000
 0.0000000e+000
 0.0000000e+000
 0.0000000e+000
 0.0000000e+000
 0.0000000e+000
 0.0000000e+000
 0.0000000e+000
 0.0000000e+000
 0.0000000e+000
 0.0000000e+000
 0.0000000e+000
 0.0000000e+000
 0.0000000e+000
 0.0000000e+000
 0.0000000e+000
 0.0000000e+000
 0.0000000e+000
 0.0000000e+000
 0.0000000e+000
 0.0000000e+000
 0.0000000e+000
 0.0000000e+000
 0.0000000e+000
 0.0000000e+000
 0.0000000e+000
 0.0000000e+000
 0.0000000e+000
 0.0000000e+000
 0.0000000e+000
 0.0000000e+000
 0.0000000e+000
 0.0000000e+000
 0.0000000e+000
 0.0000000e+000
 0.0000000e+000
 0.0000000e+000
 0.0000000e+000
 0.0000000e+000
 0.0000000e+000
 0.0000000e+000
 0.0000000e+000
 0.0000000e+000
 0.0000000e+000
 0.0000000e+000
 0.0000000e+000
 0.0000000e+000
 0.0000000e+000
 0.0000000e+000
 0.0000000e+000
 0.0000000e+000
 0.0000000e+000
 0.0000000e+000
 0.0000000e+000
 0.0000000e+000
 0.0000000e+000
 0.0000000e+000
 0.0000000e+000
 0.0000000e+000
 0.0000000e+000
 0.0000000e+000
 0.0000000e+000
 0.0000000e+000
 0.0000000e+000
 0.0000000e+000
 0.0000000e+000
 0.0000000e+000
 0.0000000e+000
 0.0000000e+000
 0.0000000e+000
 0.0000000e+000
 0.0000000e+000
 0.0000000e+000
 0.0000000e+000
 0.0000000e+000
 0.0000000e+000
 0.0000000e+000
 0.0000000e+000
 0.0000000e+000
 0.0000000e+000
 0.0000000e+000
 0.0000000e+000
 0.0000000e+000
 0.0000000e+000
 0.0000000e+000
 0.0000000e+000
 0.0000000e+000
 0.0000000e+000
 0.0000000e+000
 0.0000000e+000
 0.0000000e+000
 0.0000000e+000
 0.0000000e+000
 0.0000000e+000
 0.0000000e+000
 0.0000000e+000
 0.0000000e+000
 0.0000000e+000
 0.0000000e+000
 0.0000000e+000
 0.0000000e+000
 0.0000000e+000
 0.0000000e+000
 0.0000000e+000
 0.0000000e+000
 0.0000000e+000
 0.0000000e+000
 0.0000000e+000
 0.0000000e+000
 0.0000000e+000
 0.0000000e+000
 0.0000000e+000
 0.0000000e+000
 0.0000000e+000
 0.0000000e+000
 0.0000000e+000
 0.0000000e+000
 0.0000000e+000
 0.0000000e+000
 0.0000000e+000
 0.0000000e+000
 0.0000000e+000
 0.0000000e+000
 0.0000000e+000
 0.0000000e+000
 0.0000000e+000
 0.0000000e+000
 0.0000000e+000
 0.0000000e+000
 0.0000000e+000
 0.0000000e+000
 0.0000000e+000
 0.0000000e+000
 0.0000000e+000
 0.0000000e+000
 0.0000000e+000
 0.0000000e+000
 0.0000000e+000
 0.0000000e+000
 0.0000000e+000
 0.0000000e+000
 0.0000000e+000
 0.0000000e+000
 0.0000000e+000
 0.0000000e+000
 0.0000000e+000
 0.0000000e+000
 0.0000000e+000
 0.0000000e+000
 0.0000000e+000
 0.0000000e+000
 0.0000000e+000
 0.0000000e+000
 0.0000000e+000
 0.0000000e+000
 0.0000000e+000
 0.0000000e+000
 0.0000000e+000
 0.0000000e+000
 0.0000000e+000
 0.0000000e+000
 0.0000000e+000
 0.0000000e+000
 0.0000000e+000
 0.0000000e+000
 0.0000000e+000
 0.0000000e+000
 0.0000000e+000
 0.0000000e+000
 0.0000000e+000
 0.0000000e+000
 0.0000000e+000
 0.0000000e+000
 0.0000000e+000
 0.0000000e+000
 0.0000000e+000
 0.0000000e+000
 0.0000000e+000
 0.0000000e+000
 0.0000000e+000
 0.0000000e+000
 0.0000000e+000
 0.0000000e+000
 0.0000000e+000
 0.0000000e+000
 0.0000000e+000
 0.0000000e+000
 0.0000000e+000
 0.0000000e+000
 0.0000000e+000
 0.0000000e+000
 0.0000000e+000
 0.0000000e+000
 0.0000000e+000
 0.0000000e+000
 0.0000000e+000
 0.0000000e+000
 0.0000000e+000
 0.0000000e+000
 0.0000000e+000
 0.0000000e+000
 0.0000000e+000
 0.0000000e+000
 0.0000000e+000
 0.0000000e+000
 0.0000000e+000
 0.0000000e+000
 0.0000000e+000
 0.0000000e+000
 0.0000000e+000
 0.0000000e+000
 0.0000000e+000
 0.0000000e+000
 0.0000000e+000
 0.0000000e+000
 0.0000000e+000
 0.0000000e+000
 0.0000000e+000
 0.0000000e+000
 0.0000000e+000
 0.0000000e+000
 0.0000000e+000
 0.0000000e+000
 0.0000000e+000
 0.0000000e+000
 0.0000000e+000
 0.0000000e+000
 0.0000000e+000
 0.0000000e+000
 0.0000000e+000
 0.0000000e+000
 0.0000000e+000
 0.0000000e+000
 0.0000000e+000
 0.0000000e+000
 0.0000000e+000
 0.0000000e+000
 0.0000000e+000
 0.0000000e+000
 0.0000000e+000
 0.0000000e+000
 0.0000000e+000
 0.0000000e+000
 0.0000000e+000
 0.0000000e+000
 0.0000000e+000
 0.0000000e+000
 0.0000000e+000
 0.0000000e+000
 0.0000000e+000
 0.0000000e+000
 0.0000000e+000
 0.0000000e+000
 0.0000000e+000
 0.0000000e+000
 0.0000000e+000
 0.0000000e+000
 0.0000000e+000
 0.0000000e+000
 0.0000000e+000
 0.0000000e+000
 0.0000000e+000
 0.0000000e+000
 0.0000000e+000
 0.0000000e+000
 0.0000000e+000
 0.0000000e+000
 0.0000000e+000
 0.0000000e+000
 0.0000000e+000
 0.0000000e+000
 0.0000000e+000
 0.0000000e+000
 0.0000000e+000
 0.0000000e+000
 0.0000000e+000
 0.0000000e+000
 0.0000000e+000
 0.0000000e+000
 0.0000000e+000
 0.0000000e+000
 0.0000000e+000
 0.0000000e+000
 0.0000000e+000
 0.0000000e+000
 0.0000000e+000
 0.0000000e+000
 0.0000000e+000
 0.0000000e+000
 0.0000000e+000
 0.0000000e+000
 0.0000000e+000
 0.0000000e+000
 0.0000000e+000
 0.0000000e+000
 0.0000000e+000
 0.0000000e+000
 0.0000000e+000
 0.0000000e+000
 0.0000000e+000
 0.0000000e+000
 0.0000000e+000
 0.0000000e+000
 0.0000000e+000
 0.0000000e+000
 0.0000000e+000
 0.0000000e+000
 0.0000000e+000
 0.0000000e+000
 0.0000000e+000
 0.0000000e+000
 0.0000000e+000
 0.0000000e+000
 0.0000000e+000
 0.0000000e+000
 0.0000000e+000
 0.0000000e+000
 0.0000000e+000
 0.0000000e+000
 0.0000000e+000
 0.0000000e+000
 0.0000000e+000
 0.0000000e+000
 0.0000000e+000
 0.0000000e+000
 0.0000000e+000
 0.0000000e+000
 0.0000000e+000
 0.0000000e+000
 0.0000000e+000
 0.0000000e+000
 0.0000000e+000
 0.0000000e+000
 0.0000000e+000
 0.0000000e+000
 0.0000000e+000
 0.0000000e+000
 0.0000000e+000
 0.0000000e+000
 0.0000000e+000
 0.0000000e+000
 0.0000000e+000
 0.0000000e+000
 0.0000000e+000
 0.0000000e+000
 0.0000000e+000
 0.0000000e+000
 0.0000000e+000
 0.0000000e+000
 0.0000000e+000
 0.0000000e+000
 0.0000000e+000
 0.0000000e+000
 0.0000000e+000
 0.0000000e+000
 0.0000000e+000
 0.0000000e+000
 0.0000000e+000
 0.0000000e+000
 0.0000000e+000
 0.0000000e+000
 0.0000000e+000
 0.0000000e+000
 0.0000000e+000
 0.0000000e+000
 0.0000000e+000
 0.0000000e+000
 0.0000000e+000
 0.0000000e+000
 0.0000000e+000
 0.0000000e+000
 0.0000000e+000
 0.0000000e+000
 0.0000000e+000
 0.0000000e+000
 0.0000000e+000
 0.0000000e+000
 0.0000000e+000
 0.0000000e+000
 0.0000000e+000
 0.0000000e+000
 0.0000000e+000
 0.0000000e+000
 0.0000000e+000
 0.0000000e+000
 0.0000000e+000
 0.0000000e+000
 0.0000000e+000
 0.0000000e+000
 0.0000000e+000
 0.0000000e+000
 0.0000000e+000
 0.0000000e+000
 0.0000000e+000
 0.0000000e+000
 0.0000000e+000
 0.0000000e+000
 0.0000000e+000
 0.0000000e+000
 0.0000000e+000
 0.0000000e+000
 0.0000000e+000
 0.0000000e+000
 0.0000000e+000
 0.0000000e+000
 0.0000000e+000
 0.0000000e+000
 0.0000000e+000
 0.0000000e+000
 0.0000000e+000
 0.0000000e+000
 0.0000000e+000
 0.0000000e+000
 0.0000000e+000
 0.0000000e+000
 0.0000000e+000
 0.0000000e+000
 0.0000000e+000
 0.0000000e+000
 0.0000000e+000
 0.0000000e+000
 0.0000000e+000
 0.0000000e+000
 0.0000000e+000
 0.0000000e+000
 0.0000000e+000
 0.0000000e+000
 0.0000000e+000
 0.0000000e+000
 0.0000000e+000
 0.0000000e+000
 0.0000000e+000
 0.0000000e+000
 0.0000000e+000
 0.0000000e+000
 0.0000000e+000
 0.0000000e+000
 0.0000000e+000
 0.0000000e+000
 0.0000000e+000
 0.0000000e+000
 0.0000000e+000
 0.0000000e+000
 0.0000000e+000
 0.0000000e+000
 0.0000000e+000
 0.0000000e+000
 0.0000000e+000
 0.0000000e+000
 0.0000000e+000
 0.0000000e+000
 0.0000000e+000
 0.0000000e+000
 0.0000000e+000
 0.0000000e+000
 0.0000000e+000
 0.0000000e+000
 0.0000000e+000
 0.0000000e+000
 0.0000000e+000
 0.0000000e+000
 0.0000000e+000
 0.0000000e+000
 0.0000000e+000
 0.0000000e+000
 0.0000000e+000
 0.0000000e+000
 0.0000000e+000
 0.0000000e+000
 0.0000000e+000
 0.0000000e+000
 0.0000000e+000
 0.0000000e+000
 0.0000000e+000
 0.0000000e+000
 0.0000000e+000
 0.0000000e+000
 0.0000000e+000
 0.0000000e+000
 0.0000000e+000
 0.0000000e+000
 0.0000000e+000
 0.0000000e+000
 0.0000000e+000
 0.0000000e+000
 0.0000000e+000
 0.0000000e+000
 0.0000000e+000
 0.0000000e+000
 0.0000000e+000
 0.0000000e+000
 0.0000000e+000
 0.0000000e+000
 0.0000000e+000
 0.0000000e+000
 0.0000000e+000
 0.0000000e+000
 0.0000000e+000
 0.0000000e+000
 0.0000000e+000
 0.0000000e+000
 0.0000000e+000
 0.0000000e+000
 0.0000000e+000
 0.0000000e+000
 0.0000000e+000
 0.0000000e+000
 0.0000000e+000
 0.0000000e+000
 0.0000000e+000
 0.0000000e+000
 0.0000000e+000
 0.0000000e+000
 0.0000000e+000
 0.0000000e+000
 0.0000000e+000
 0.0000000e+000
 0.0000000e+000
 0.0000000e+000
 0.0000000e+000
 0.0000000e+000
 0.0000000e+000
 0.0000000e+000
 0.0000000e+000
 0.0000000e+000
 0.0000000e+000
 0.0000000e+000
 0.0000000e+000
 0.0000000e+000
 0.0000000e+000
 0.0000000e+000
 0.0000000e+000
 0.0000000e+000
 0.0000000e+000
 0.0000000e+000
 0.0000000e+000
 0.0000000e+000
 0.0000000e+000
 0.0000000e+000
 0.0000000e+000
 0.0000000e+000
 0.0000000e+000
 0.0000000e+000
 0.0000000e+000
 0.0000000e+000
 0.0000000e+000
 0.0000000e+000
 0.0000000e+000
 0.0000000e+000
 0.0000000e+000
 0.0000000e+000
 0.0000000e+000
 0.0000000e+000
 0.0000000e+000
 0.0000000e+000
 0.0000000e+000
 0.0000000e+000
 0.0000000e+000
 0.0000000e+000
 0.0000000e+000
 0.0000000e+000
 0.0000000e+000
 0.0000000e+000
 0.0000000e+000
 0.0000000e+000
 0.0000000e+000
 0.0000000e+000
 0.0000000e+000
 0.0000000e+000
 0.0000000e+000
 0.0000000e+000
 0.0000000e+000
 0.0000000e+000
 0.0000000e+000
 0.0000000e+000
 0.0000000e+000
 0.0000000e+000
 0.0000000e+000
 0.0000000e+000
 0.0000000e+000
 0.0000000e+000
 0.0000000e+000
 0.0000000e+000
 0.0000000e+000
 0.0000000e+000
 0.0000000e+000
 0.0000000e+000
 0.0000000e+000
 0.0000000e+000
 0.0000000e+000
 0.0000000e+000
 0.0000000e+000
 0.0000000e+000
 0.0000000e+000
 0.0000000e+000
 0.0000000e+000
 0.0000000e+000
 0.0000000e+000
 0.0000000e+000
 0.0000000e+000
 0.0000000e+000
 0.0000000e+000
 0.0000000e+000
 0.0000000e+000
 0.0000000e+000
 0.0000000e+000
 0.0000000e+000
 0.0000000e+000
 0.0000000e+000
 0.0000000e+000
 0.0000000e+000
 0.0000000e+000
 0.0000000e+000
 0.0000000e+000
 0.0000000e+000
 0.0000000e+000
 0.0000000e+000
 0.0000000e+000
 0.0000000e+000
 0.0000000e+000
 0.0000000e+000
 0.0000000e+000
 0.0000000e+000
 0.0000000e+000
 0.0000000e+000
 0.0000000e+000
 0.0000000e+000
 0.0000000e+000
 0.0000000e+000
 0.0000000e+000
 0.0000000e+000
 0.0000000e+000
 0.0000000e+000
 0.0000000e+000
 0.0000000e+000
 0.0000000e+000
 0.0000000e+000
 0.0000000e+000
 0.0000000e+000
 0.0000000e+000
 0.0000000e+000
 0.0000000e+000
 0.0000000e+000
 0.0000000e+000
 0.0000000e+000
 0.0000000e+000
 0.0000000e+000
 0.0000000e+000
 0.0000000e+000
 0.0000000e+000
 0.0000000e+000
 0.0000000e+000
 0.0000000e+000
 0.0000000e+000
 0.0000000e+000
 0.0000000e+000
 0.0000000e+000
 0.0000000e+000
 0.0000000e+000
 0.0000000e+000
 0.0000000e+000
 0.0000000e+000
 0.0000000e+000
 0.0000000e+000
 0.0000000e+000
 0.0000000e+000
 0.0000000e+000
 0.0000000e+000
 0.0000000e+000
 0.0000000e+000
 0.0000000e+000
 0.0000000e+000
 0.0000000e+000
 0.0000000e+000
 0.0000000e+000
 0.0000000e+000
 0.0000000e+000
 0.0000000e+000
 0.0000000e+000
 0.0000000e+000
 0.0000000e+000
 0.0000000e+000
 0.0000000e+000
 0.0000000e+000
 0.0000000e+000
 0.0000000e+000
 0.0000000e+000
 0.0000000e+000
 0.0000000e+000
 0.0000000e+000
 0.0000000e+000
 0.0000000e+000
 0.0000000e+000
 0.0000000e+000
 0.0000000e+000
 0.0000000e+000
 0.0000000e+000
 0.0000000e+000
 0.0000000e+000
 0.0000000e+000
 0.0000000e+000
 0.0000000e+000
 0.0000000e+000
 0.0000000e+000
 0.0000000e+000
 0.0000000e+000
 0.0000000e+000
 0.0000000e+000
 0.0000000e+000
 0.0000000e+000
 0.0000000e+000
 0.0000000e+000
 0.0000000e+000
 0.0000000e+000
 0.0000000e+000
 0.0000000e+000
 0.0000000e+000
 0.0000000e+000
 0.0000000e+000
 0.0000000e+000
 0.0000000e+000
 0.0000000e+000
 0.0000000e+000
 0.0000000e+000
 0.0000000e+000
 0.0000000e+000
 0.0000000e+000
 0.0000000e+000
 0.0000000e+000
 0.0000000e+000
 0.0000000e+000
 0.0000000e+000
 0.0000000e+000
 0.0000000e+000
 0.0000000e+000
 0.0000000e+000
 0.0000000e+000
 0.0000000e+000
 0.0000000e+000
 0.0000000e+000
 0.0000000e+000
 0.0000000e+000
 0.0000000e+000
 0.0000000e+000
 0.0000000e+000
 0.0000000e+000
 0.0000000e+000
 0.0000000e+000
 0.0000000e+000
 0.0000000e+000
 0.0000000e+000
 0.0000000e+000
 0.0000000e+000
 0.0000000e+000
 0.0000000e+000
 0.0000000e+000
 0.0000000e+000
 0.0000000e+000
 0.0000000e+000
 0.0000000e+000
 0.0000000e+000
 0.0000000e+000
 0.0000000e+000
 0.0000000e+000
 0.0000000e+000
 0.0000000e+000
 0.0000000e+000
 0.0000000e+000
 0.0000000e+000
 0.0000000e+000
 0.0000000e+000
 0.0000000e+000
 0.0000000e+000
 0.0000000e+000
 0.0000000e+000
 0.0000000e+000
 0.0000000e+000
 0.0000000e+000
 0.0000000e+000
 0.0000000e+000
 0.0000000e+000
 0.0000000e+000
 0.0000000e+000
 0.0000000e+000
 0.0000000e+000
 0.0000000e+000
 0.0000000e+000
 0.0000000e+000
 0.0000000e+000
 0.0000000e+000
 0.0000000e+000
 0.0000000e+000
 0.0000000e+000
 0.0000000e+000
 0.0000000e+000
 0.0000000e+000
 0.0000000e+000
 0.0000000e+000
 0.0000000e+000
 0.0000000e+000
 0.0000000e+000
 0.0000000e+000
 0.0000000e+000
 0.0000000e+000
 0.0000000e+000
 0.0000000e+000
 0.0000000e+000
 0.0000000e+000
 0.0000000e+000
 0.0000000e+000
 0.0000000e+000
 0.0000000e+000
 0.0000000e+000
 0.0000000e+000
 0.0000000e+000
