 S07WV3 Record=49: SRF Band 5 WorldView3 Red               
 4.4299998e-008
 4.1200000e-008
 4.3000000e-008
 3.9400000e-008
 2.0800000e-008
 1.2200000e-008
 8.0199998e-009
 1.5800000e-008
 1.8700000e-008
 7.8899998e-009
 2.2000000e-009
 4.8999999e-010
 2.5100000e-009
 9.2999999e-009
 1.5099999e-008
 8.0899998e-009
 1.7100000e-009
 1.7500000e-009
 1.6500000e-009
 3.4100001e-009
 1.9300000e-008
 1.6500000e-008
 8.0199998e-009
 2.0900000e-009
 3.7200000e-008
 5.1400001e-008
 1.9400000e-008
 2.5200000e-009
 3.4399999e-008
 4.7400000e-008
 1.9700000e-008
 1.6100000e-008
 9.9099999e-008
 8.7600000e-008
 2.7500000e-008
 1.1900000e-008
 1.0900000e-007
 1.3200000e-007
 3.9000000e-008
 1.0400000e-008
 7.5099997e-008
 1.3800000e-007
 9.4199997e-008
 7.2299997e-008
 8.3300002e-008
 2.0000000e-007
 2.1900000e-007
 1.2300001e-007
 3.7500001e-007
 7.3500001e-007
 6.2300001e-007
 3.9899999e-007
 3.9299999e-007
 2.0400000e-007
 2.1900000e-007
 5.2399997e-007
 1.0700001e-006
 1.2700000e-006
 8.3499998e-007
 8.9200000e-007
 7.7200002e-007
 6.4000000e-007
 6.7600001e-007
 4.9099998e-007
 1.9700001e-007
 2.2499999e-007
 5.1900003e-007
 6.0000002e-007
 4.5300001e-007
 8.7299998e-007
 1.2199999e-006
 1.1000000e-006
 1.1200000e-006
 1.9199999e-006
 2.6499999e-006
 2.2900001e-006
 1.2400000e-006
 8.5500000e-007
 8.2499997e-007
 7.3899997e-007
 4.0699999e-007
 4.1300001e-007
 3.2599999e-007
 4.5199999e-007
 4.3300000e-007
 3.8100001e-007
 4.1499999e-007
 8.7100000e-007
 6.4300002e-007
 3.6300000e-007
 4.4800001e-007
 1.0600000e-006
 7.0099998e-007
 3.4900000e-007
 4.1600001e-007
 7.5399998e-007
 4.3899999e-007
 3.3200001e-007
 5.7800003e-007
 9.6500003e-007
 6.1300000e-007
 4.6800000e-007
 3.7600000e-007
 4.3899999e-007
 7.4500002e-007
 5.3200000e-007
 4.8099997e-007
 8.4900000e-007
 7.7999999e-007
 4.0200001e-007
 2.2700000e-007
 5.8699999e-007
 1.1900000e-006
 7.4600001e-007
 9.0499998e-007
 8.4700002e-007
 7.6800001e-007
 1.0600000e-006
 5.3600002e-007
 6.1200001e-007
 5.8000001e-007
 4.7300000e-007
 4.3200001e-007
 8.7299998e-007
 1.3100000e-006
 1.0600000e-006
 1.4500000e-006
 1.7900001e-006
 1.4800000e-006
 1.4600000e-006
 6.0600001e-007
 5.9199999e-007
 7.0499999e-007
 1.1400000e-006
 3.7600000e-007
 2.9600000e-007
 7.6800001e-007
 1.7999999e-006
 2.0800001e-006
 1.5600000e-006
 5.9199999e-007
 5.0300002e-007
 5.5700002e-007
 7.4399998e-007
 4.0800001e-007
 2.6800001e-007
 4.7200001e-007
 8.0100000e-007
 3.1400000e-007
 4.5300001e-007
 9.5999997e-007
 5.3000002e-007
 6.2700002e-007
 9.5999997e-007
 1.2500000e-006
 5.4499998e-007
 4.0099999e-007
 4.8499999e-007
 1.2300000e-006
 8.1899998e-007
 4.1800001e-007
 4.4100000e-007
 8.3999998e-007
 5.8299997e-007
 4.2900001e-007
 4.4199999e-007
 5.9000001e-007
 5.2899998e-007
 7.8300002e-007
 1.0600000e-006
 4.4600000e-007
 3.7600000e-007
 7.4600001e-007
 3.6000000e-007
 2.7100000e-007
 2.6699999e-007
 1.7799999e-007
 2.3000000e-007
 2.6699999e-007
 9.6999997e-007
 8.9700001e-007
 6.1399999e-007
 7.4799999e-007
 1.4300000e-006
 1.4100000e-006
 5.4700001e-007
 4.2299999e-007
 5.1600000e-007
 9.8999999e-007
 7.3000001e-007
 3.5200000e-007
 3.9800000e-007
 5.2100000e-007
 7.1500000e-007
 1.1000000e-006
 8.6099999e-007
 6.0399998e-007
 6.6199999e-007
 7.9000000e-007
 1.0600000e-006
 1.4100000e-006
 1.3900000e-006
 9.1900000e-007
 9.6300005e-007
 1.0700001e-006
 1.6900000e-006
 9.8800001e-007
 8.6699998e-007
 1.0200000e-006
 1.8100000e-006
 2.2199999e-006
 1.3200000e-006
 1.5800000e-006
 2.3499999e-006
 3.2800001e-006
 2.8500001e-006
 1.9199999e-006
 1.7300000e-006
 1.8600000e-006
 1.9900001e-006
 1.3200000e-006
 1.4800000e-006
 2.1000001e-006
 2.2199999e-006
 1.3200000e-006
 1.5700000e-006
 2.1200001e-006
 1.8100000e-006
 1.2100001e-006
 1.4800000e-006
 2.0699999e-006
 1.8500000e-006
 1.3300000e-006
 1.4700000e-006
 1.7300000e-006
 2.0600000e-006
 2.0299999e-006
 1.3699999e-006
 1.4900000e-006
 2.1900000e-006
 2.7799999e-006
 1.6300000e-006
 1.7500000e-006
 2.2800000e-006
 2.7100000e-006
 1.8400000e-006
 1.7600000e-006
 1.8500000e-006
 2.3299999e-006
 2.5500001e-006
 2.2100000e-006
 2.0800001e-006
 2.6800001e-006
 3.3500000e-006
 3.5999999e-006
 3.0700000e-006
 3.2099999e-006
 4.2900001e-006
 5.5099999e-006
 6.3299999e-006
 7.4499999e-006
 9.5100004e-006
 1.2100000e-005
 1.6100001e-005
 2.3500001e-005
 3.5800000e-005
 5.4900000e-005
 8.6300002e-005
 1.4400001e-004
 2.4699999e-004
 4.2900001e-004
 7.6099997e-004
 1.3960000e-003
 2.6799999e-003
 8.1200004e-003
 2.0268001e-002
 5.0592002e-002
 1.0309400e-001
 2.0551100e-001
 3.2540599e-001
 4.8602000e-001
 6.3722003e-001
 7.6552498e-001
 8.6674798e-001
 9.0775597e-001
 9.3716699e-001
 9.4028997e-001
 9.4191498e-001
 9.4033700e-001
 9.3794000e-001
 9.3431598e-001
 9.3331701e-001
 9.3776900e-001
 9.4203800e-001
 9.4541198e-001
 9.4673800e-001
 9.4416600e-001
 9.4307703e-001
 9.4513398e-001
 9.4836003e-001
 9.5358598e-001
 9.5710099e-001
 9.5748597e-001
 9.5788300e-001
 9.5792800e-001
 9.5921397e-001
 9.6370697e-001
 9.6842599e-001
 9.7296703e-001
 9.7644401e-001
 9.7735101e-001
 9.7829700e-001
 9.8053801e-001
 9.8409998e-001
 9.8883599e-001
 9.9164301e-001
 9.9160200e-001
 9.9109203e-001
 9.9051899e-001
 9.9146301e-001
 9.9378902e-001
 9.9463099e-001
 9.9408901e-001
 9.9282700e-001
 9.8979002e-001
 9.8720402e-001
 9.8571903e-001
 9.8646301e-001
 9.8999798e-001
 9.9297798e-001
 9.9565101e-001
 9.9812198e-001
 1.0000000e+000
 9.9837101e-001
 9.9202102e-001
 9.7039402e-001
 9.2847002e-001
 8.5750002e-001
 7.4729800e-001
 6.1969000e-001
 4.6982199e-001
 3.3779401e-001
 2.2883999e-001
 1.4623700e-001
 9.6672997e-002
 6.0715999e-002
 4.1648999e-002
 2.7016999e-002
 1.8886000e-002
 1.3099000e-002
 9.2529999e-003
 6.4820000e-003
 4.6040001e-003
 3.2609999e-003
 2.3800000e-003
 1.7590000e-003
 1.2990000e-003
 9.6500001e-004
 7.2900002e-004
 5.6000001e-004
 4.3799999e-004
 3.4999999e-004
 2.8300000e-004
 2.2900000e-004
 1.8700000e-004
 1.5300000e-004
 1.2600000e-004
 1.0400000e-004
 8.5100000e-005
 6.9599999e-005
 5.7599998e-005
 4.8599999e-005
 4.0499999e-005
 3.3400000e-005
 2.9299999e-005
 2.6800000e-005
 2.3299999e-005
 1.8600000e-005
 1.5400001e-005
 1.4400000e-005
 1.3400000e-005
 1.1700000e-005
 9.6699996e-006
 8.1600001e-006
 7.3199999e-006
 6.5700001e-006
 6.1800001e-006
 5.8000001e-006
 5.1100001e-006
 4.2000001e-006
 3.5600001e-006
 3.6300000e-006
 3.8000001e-006
 3.3399999e-006
 2.9800001e-006
 2.9500000e-006
 2.5400000e-006
 2.5700001e-006
 3.1300001e-006
 2.8500001e-006
 2.2400000e-006
 1.9500001e-006
 2.1000001e-006
 2.7300000e-006
 2.2700001e-006
 1.7400000e-006
 1.7800000e-006
 1.7000000e-006
 1.6499999e-006
 1.8400000e-006
 2.4399999e-006
 2.3900000e-006
 1.8200000e-006
 1.6800000e-006
 1.4300000e-006
 1.8200000e-006
 2.0900000e-006
 1.5800000e-006
 1.2300000e-006
 1.1300000e-006
 1.9900001e-006
 2.1999999e-006
 1.2900000e-006
 1.2300000e-006
 1.5400000e-006
 1.6900000e-006
 1.5800000e-006
 1.3500000e-006
 1.7200000e-006
 1.7800000e-006
 1.3800000e-006
 1.1000000e-006
 1.6499999e-006
 2.0800001e-006
 1.3900000e-006
 9.3199998e-007
 1.6200000e-006
 1.9300001e-006
 1.5300000e-006
 1.3200000e-006
 1.0200000e-006
 9.6600002e-007
 1.0400000e-006
 6.8899999e-007
 4.8599998e-007
 6.0700000e-007
 5.1000001e-007
 3.2099999e-007
 2.9399999e-007
 5.8500000e-008
 2.5000000e-007
 7.6399999e-007
 5.2700000e-007
 1.9200000e-007
 4.8999999e-007
 9.4000001e-007
 6.3900001e-007
 2.0400000e-007
 3.1799999e-007
 8.7900003e-007
 1.4700000e-006
 5.9199999e-007
 4.8200000e-008
 5.0499999e-008
 5.7000000e-007
 9.1599998e-007
 5.5300001e-007
 1.4000000e-007
 5.2200001e-008
 3.6200001e-007
 4.7800000e-007
 5.6499999e-007
 1.6500000e-007
 7.1499997e-008
 7.8500000e-007
 4.1199999e-007
 1.0800000e-007
 3.3399999e-008
 2.7499999e-007
 6.9200001e-007
 3.9500000e-007
 7.9099998e-008
 2.9500001e-008
 4.6400001e-007
 4.1000001e-007
 3.9099999e-007
 3.1299999e-007
 6.0600001e-007
 9.5899998e-007
 5.3999997e-007
 3.4400000e-007
 6.9100003e-007
 8.7299998e-007
 9.0399999e-007
 1.9200000e-007
 7.3499998e-011
 2.3100000e-007
 1.1100000e-006
 5.4500001e-006
 9.6200001e-006
 7.8800003e-006
 1.3100000e-005
 9.9199997e-006
 1.5800000e-005
 5.6300000e-006
 2.6900000e-006
 6.0699999e-006
 9.4400002e-006
 1.1100000e-005
 8.5299998e-006
 9.5200003e-006
 7.5399998e-006
 1.0700000e-005
 4.3400000e-006
 3.0399999e-006
 1.5800000e-006
 1.0400000e-006
 7.8300000e-006
 3.7000000e-006
 2.8699999e-006
 3.0700000e-006
 6.2600002e-006
 2.6000000e-006
 4.3000000e-006
 4.3300001e-006
 2.0600000e-006
 1.5700000e-006
 2.4900000e-006
 1.6800000e-006
 3.6800000e-006
 2.3499999e-006
 2.3699999e-006
 3.7499999e-006
 3.0300000e-006
 2.2600000e-006
 2.6800001e-006
 1.7100000e-006
 4.0599998e-006
 7.4899998e-007
 4.4399999e-006
 2.1000001e-006
 2.5100001e-006
 6.0700000e-007
 3.3500000e-006
 3.0799999e-006
 4.4100002e-006
 2.9500000e-006
 2.0099999e-006
 1.2900000e-006
 1.0799999e-006
 1.1100000e-006
 1.8900000e-006
 1.5700000e-006
 8.5400001e-007
 1.8400000e-006
 3.2299999e-007
 2.0300000e-007
 6.1100002e-007
 1.4300000e-006
 9.5500002e-007
 7.8099998e-007
 1.6499999e-006
 9.2900001e-007
 6.2499998e-007
 8.4800001e-007
 1.9100000e-006
 5.6699997e-007
 5.4100002e-007
 6.0799999e-007
 1.2600000e-006
 8.0699999e-007
 2.1400001e-006
 4.7600000e-007
 1.0900000e-006
 2.4799999e-007
 1.3600001e-006
 2.0800000e-007
 1.0600000e-006
 6.2399999e-007
 1.1100000e-006
 8.6900002e-007
 3.7400000e-007
 4.1100000e-007
 1.5900000e-006
 6.4900001e-007
 3.3000001e-007
 1.6600001e-007
 1.6700000e-007
 1.5800001e-007
 2.1000000e-007
 2.3299999e-007
 2.3900000e-007
 8.4800000e-008
 4.5300001e-007
 2.0500001e-007
 2.2499999e-007
 4.0800001e-007
 5.6099998e-007
 6.3400000e-007
 2.3699999e-007
 1.1800000e-007
 3.2299999e-007
 1.7700000e-007
 2.3900000e-007
 4.7299999e-008
 1.3400000e-007
 3.4700000e-007
 1.6600001e-007
 5.6800001e-008
 2.9700001e-007
 3.6399999e-007
 1.2200000e-007
 2.1400000e-007
 5.0600001e-008
 5.5099999e-008
 1.2400000e-007
 2.3500000e-007
 1.2000000e-007
 1.7600000e-007
 2.1400000e-007
 3.9200000e-007
 1.4299999e-007
 4.8400000e-008
 2.2499999e-007
 2.4299999e-007
 8.0699998e-008
 1.5500000e-007
 2.2899999e-007
 1.3700000e-007
 1.5900000e-007
 5.9900003e-008
 6.4600002e-008
 1.6200001e-007
 4.3899998e-008
 9.1300002e-008
 3.9800000e-008
 9.9200001e-008
 2.1900000e-007
 1.0900000e-007
 3.5500001e-008
 1.1500000e-007
 2.1000000e-007
 1.9200000e-007
 1.6200001e-007
 5.8700000e-008
 1.2600000e-007
 2.8200001e-008
 1.3800000e-007
 2.2300000e-008
 1.6000000e-007
 1.7700000e-007
 9.1499999e-008
 1.8999999e-007
 1.1100000e-007
 5.3600001e-008
 4.5600000e-008
 1.2300001e-007
 1.0500000e-007
 1.5900000e-007
 9.4999997e-008
 6.9300000e-008
 1.0100000e-007
 1.7900000e-008
 8.5400004e-008
 1.1900000e-007
 1.5000001e-007
 1.0100000e-007
 2.4100000e-008
 1.0600000e-007
 4.4099998e-008
 3.8500001e-008
 3.4700001e-008
 8.7200000e-008
 1.4100000e-008
 3.8300001e-008
 1.2200000e-007
 8.9499999e-008
 2.4200000e-008
 2.2000000e-008
 2.6700000e-008
 6.5199998e-008
 6.9800002e-008
 3.3399999e-008
 1.0300000e-007
 9.8900003e-008
 7.5899997e-008
 4.7099999e-008
 5.5899999e-008
 8.4199998e-009
 2.3900000e-008
 5.8900000e-008
 4.2000000e-008
 1.1100000e-008
 1.6700000e-008
 1.4400000e-008
 1.1000000e-009
 1.2700000e-008
 3.5700001e-008
 3.1300001e-008
 1.6600000e-008
 5.0800001e-008
 4.3099998e-008
 4.6400000e-008
 3.9100001e-008
 2.0600000e-008
 6.2900001e-009
 1.3200000e-008
 2.2000000e-008
 2.0100000e-008
 1.0500000e-008
 1.4800000e-008
 3.0500001e-008
 2.3200000e-008
 2.4300000e-008
 2.3300000e-008
 1.8300000e-008
 1.0900000e-008
 1.0600000e-008
 1.4400000e-008
 1.8000000e-008
 1.4300000e-008
 1.5099999e-008
 3.4000001e-009
 3.3400001e-009
 1.0800000e-008
 5.8600000e-009
 1.7100000e-008
 2.0100000e-008
 1.6000000e-008
 4.4399999e-009
 8.9899999e-009
 1.4900000e-008
 1.0400000e-008
 1.1000000e-008
 8.2099998e-009
 9.3199999e-009
 1.0200000e-008
 6.7600001e-009
 8.7799998e-009
 4.4999999e-009
 6.0900001e-009
 7.3600002e-009
 9.3399999e-009
 6.5200001e-009
 3.0400000e-009
 5.2600000e-009
 1.1900000e-008
 1.1500000e-008
 7.2300002e-009
 7.2400002e-009
 7.2500002e-009
 0.0000000e+000
 0.0000000e+000
 0.0000000e+000
 0.0000000e+000
 0.0000000e+000
 0.0000000e+000
 0.0000000e+000
 0.0000000e+000
 0.0000000e+000
 0.0000000e+000
 0.0000000e+000
 0.0000000e+000
 0.0000000e+000
 0.0000000e+000
 0.0000000e+000
 0.0000000e+000
 0.0000000e+000
 0.0000000e+000
 0.0000000e+000
 0.0000000e+000
 0.0000000e+000
 0.0000000e+000
 0.0000000e+000
 0.0000000e+000
 0.0000000e+000
 0.0000000e+000
 0.0000000e+000
 0.0000000e+000
 0.0000000e+000
 0.0000000e+000
 0.0000000e+000
 0.0000000e+000
 0.0000000e+000
 0.0000000e+000
 0.0000000e+000
 0.0000000e+000
 0.0000000e+000
 0.0000000e+000
 0.0000000e+000
 0.0000000e+000
 0.0000000e+000
 0.0000000e+000
 0.0000000e+000
 0.0000000e+000
 0.0000000e+000
 0.0000000e+000
 0.0000000e+000
 0.0000000e+000
 0.0000000e+000
 0.0000000e+000
 0.0000000e+000
 0.0000000e+000
 0.0000000e+000
 0.0000000e+000
 0.0000000e+000
 0.0000000e+000
 0.0000000e+000
 0.0000000e+000
 0.0000000e+000
 0.0000000e+000
 0.0000000e+000
 0.0000000e+000
 0.0000000e+000
 0.0000000e+000
 0.0000000e+000
 0.0000000e+000
 0.0000000e+000
 0.0000000e+000
 0.0000000e+000
 0.0000000e+000
 0.0000000e+000
 0.0000000e+000
 0.0000000e+000
 0.0000000e+000
 0.0000000e+000
 0.0000000e+000
 0.0000000e+000
 0.0000000e+000
 0.0000000e+000
 0.0000000e+000
 0.0000000e+000
 0.0000000e+000
 0.0000000e+000
 0.0000000e+000
 0.0000000e+000
 0.0000000e+000
 0.0000000e+000
 0.0000000e+000
 0.0000000e+000
 0.0000000e+000
 0.0000000e+000
 0.0000000e+000
 0.0000000e+000
 0.0000000e+000
 0.0000000e+000
 0.0000000e+000
 0.0000000e+000
 0.0000000e+000
 0.0000000e+000
 0.0000000e+000
 0.0000000e+000
 0.0000000e+000
 0.0000000e+000
 0.0000000e+000
 0.0000000e+000
 0.0000000e+000
 0.0000000e+000
 0.0000000e+000
 0.0000000e+000
 0.0000000e+000
 0.0000000e+000
 0.0000000e+000
 0.0000000e+000
 0.0000000e+000
 0.0000000e+000
 0.0000000e+000
 0.0000000e+000
 0.0000000e+000
 0.0000000e+000
 0.0000000e+000
 0.0000000e+000
 0.0000000e+000
 0.0000000e+000
 0.0000000e+000
 0.0000000e+000
 0.0000000e+000
 0.0000000e+000
 0.0000000e+000
 0.0000000e+000
 0.0000000e+000
 0.0000000e+000
 0.0000000e+000
 0.0000000e+000
 0.0000000e+000
 0.0000000e+000
 0.0000000e+000
 0.0000000e+000
 0.0000000e+000
 0.0000000e+000
 0.0000000e+000
 0.0000000e+000
 0.0000000e+000
 0.0000000e+000
 0.0000000e+000
 0.0000000e+000
 0.0000000e+000
 0.0000000e+000
 0.0000000e+000
 0.0000000e+000
 0.0000000e+000
 0.0000000e+000
 0.0000000e+000
 0.0000000e+000
 0.0000000e+000
 0.0000000e+000
 0.0000000e+000
 0.0000000e+000
 0.0000000e+000
 0.0000000e+000
 0.0000000e+000
 0.0000000e+000
 0.0000000e+000
 0.0000000e+000
 0.0000000e+000
 0.0000000e+000
 0.0000000e+000
 0.0000000e+000
 0.0000000e+000
 0.0000000e+000
 0.0000000e+000
 0.0000000e+000
 0.0000000e+000
 0.0000000e+000
 0.0000000e+000
 0.0000000e+000
 0.0000000e+000
 0.0000000e+000
 0.0000000e+000
 0.0000000e+000
 0.0000000e+000
 0.0000000e+000
 0.0000000e+000
 0.0000000e+000
 0.0000000e+000
 0.0000000e+000
 0.0000000e+000
 0.0000000e+000
 0.0000000e+000
 0.0000000e+000
 0.0000000e+000
 0.0000000e+000
 0.0000000e+000
 0.0000000e+000
 0.0000000e+000
 0.0000000e+000
 0.0000000e+000
 0.0000000e+000
 0.0000000e+000
 0.0000000e+000
 0.0000000e+000
 0.0000000e+000
 0.0000000e+000
 0.0000000e+000
 0.0000000e+000
 0.0000000e+000
 0.0000000e+000
 0.0000000e+000
 0.0000000e+000
 0.0000000e+000
 0.0000000e+000
 0.0000000e+000
 0.0000000e+000
 0.0000000e+000
 0.0000000e+000
 0.0000000e+000
 0.0000000e+000
 0.0000000e+000
 0.0000000e+000
 0.0000000e+000
 0.0000000e+000
 0.0000000e+000
 0.0000000e+000
 0.0000000e+000
 0.0000000e+000
 0.0000000e+000
 0.0000000e+000
 0.0000000e+000
 0.0000000e+000
 0.0000000e+000
 0.0000000e+000
 0.0000000e+000
 0.0000000e+000
 0.0000000e+000
 0.0000000e+000
 0.0000000e+000
 0.0000000e+000
 0.0000000e+000
 0.0000000e+000
 0.0000000e+000
 0.0000000e+000
 0.0000000e+000
 0.0000000e+000
 0.0000000e+000
 0.0000000e+000
 0.0000000e+000
 0.0000000e+000
 0.0000000e+000
 0.0000000e+000
 0.0000000e+000
 0.0000000e+000
 0.0000000e+000
 0.0000000e+000
 0.0000000e+000
 0.0000000e+000
 0.0000000e+000
 0.0000000e+000
 0.0000000e+000
 0.0000000e+000
 0.0000000e+000
 0.0000000e+000
 0.0000000e+000
 0.0000000e+000
 0.0000000e+000
 0.0000000e+000
 0.0000000e+000
 0.0000000e+000
 0.0000000e+000
 0.0000000e+000
 0.0000000e+000
 0.0000000e+000
 0.0000000e+000
 0.0000000e+000
 0.0000000e+000
 0.0000000e+000
 0.0000000e+000
 0.0000000e+000
 0.0000000e+000
 0.0000000e+000
 0.0000000e+000
 0.0000000e+000
 0.0000000e+000
 0.0000000e+000
 0.0000000e+000
 0.0000000e+000
 0.0000000e+000
 0.0000000e+000
 0.0000000e+000
 0.0000000e+000
 0.0000000e+000
 0.0000000e+000
 0.0000000e+000
 0.0000000e+000
 0.0000000e+000
 0.0000000e+000
 0.0000000e+000
 0.0000000e+000
 0.0000000e+000
 0.0000000e+000
 0.0000000e+000
 0.0000000e+000
 0.0000000e+000
 0.0000000e+000
 0.0000000e+000
 0.0000000e+000
 0.0000000e+000
 0.0000000e+000
 0.0000000e+000
 0.0000000e+000
 0.0000000e+000
 0.0000000e+000
 0.0000000e+000
 0.0000000e+000
 0.0000000e+000
 0.0000000e+000
 0.0000000e+000
 0.0000000e+000
 0.0000000e+000
 0.0000000e+000
 0.0000000e+000
 0.0000000e+000
 0.0000000e+000
 0.0000000e+000
 0.0000000e+000
 0.0000000e+000
 0.0000000e+000
 0.0000000e+000
 0.0000000e+000
 0.0000000e+000
 0.0000000e+000
 0.0000000e+000
 0.0000000e+000
 0.0000000e+000
 0.0000000e+000
 0.0000000e+000
 0.0000000e+000
 0.0000000e+000
 0.0000000e+000
 0.0000000e+000
 0.0000000e+000
 0.0000000e+000
 0.0000000e+000
 0.0000000e+000
 0.0000000e+000
 0.0000000e+000
 0.0000000e+000
 0.0000000e+000
 0.0000000e+000
 0.0000000e+000
 0.0000000e+000
 0.0000000e+000
 0.0000000e+000
 0.0000000e+000
 0.0000000e+000
 0.0000000e+000
 0.0000000e+000
 0.0000000e+000
 0.0000000e+000
 0.0000000e+000
 0.0000000e+000
 0.0000000e+000
 0.0000000e+000
 0.0000000e+000
 0.0000000e+000
 0.0000000e+000
 0.0000000e+000
 0.0000000e+000
 0.0000000e+000
 0.0000000e+000
 0.0000000e+000
 0.0000000e+000
 0.0000000e+000
 0.0000000e+000
 0.0000000e+000
 0.0000000e+000
 0.0000000e+000
 0.0000000e+000
 0.0000000e+000
 0.0000000e+000
 0.0000000e+000
 0.0000000e+000
 0.0000000e+000
 0.0000000e+000
 0.0000000e+000
 0.0000000e+000
 0.0000000e+000
 0.0000000e+000
 0.0000000e+000
 0.0000000e+000
 0.0000000e+000
 0.0000000e+000
 0.0000000e+000
 0.0000000e+000
 0.0000000e+000
 0.0000000e+000
 0.0000000e+000
 0.0000000e+000
 0.0000000e+000
 0.0000000e+000
 0.0000000e+000
 0.0000000e+000
 0.0000000e+000
 0.0000000e+000
 0.0000000e+000
 0.0000000e+000
 0.0000000e+000
 0.0000000e+000
 0.0000000e+000
 0.0000000e+000
 0.0000000e+000
 0.0000000e+000
 0.0000000e+000
 0.0000000e+000
 0.0000000e+000
 0.0000000e+000
 0.0000000e+000
 0.0000000e+000
 0.0000000e+000
 0.0000000e+000
 0.0000000e+000
 0.0000000e+000
 0.0000000e+000
 0.0000000e+000
 0.0000000e+000
 0.0000000e+000
 0.0000000e+000
 0.0000000e+000
 0.0000000e+000
 0.0000000e+000
 0.0000000e+000
 0.0000000e+000
 0.0000000e+000
 0.0000000e+000
 0.0000000e+000
 0.0000000e+000
 0.0000000e+000
 0.0000000e+000
 0.0000000e+000
 0.0000000e+000
 0.0000000e+000
 0.0000000e+000
 0.0000000e+000
 0.0000000e+000
 0.0000000e+000
 0.0000000e+000
 0.0000000e+000
 0.0000000e+000
 0.0000000e+000
 0.0000000e+000
 0.0000000e+000
 0.0000000e+000
 0.0000000e+000
 0.0000000e+000
 0.0000000e+000
 0.0000000e+000
 0.0000000e+000
 0.0000000e+000
 0.0000000e+000
 0.0000000e+000
 0.0000000e+000
 0.0000000e+000
 0.0000000e+000
 0.0000000e+000
 0.0000000e+000
 0.0000000e+000
 0.0000000e+000
 0.0000000e+000
 0.0000000e+000
 0.0000000e+000
 0.0000000e+000
 0.0000000e+000
 0.0000000e+000
 0.0000000e+000
 0.0000000e+000
 0.0000000e+000
 0.0000000e+000
 0.0000000e+000
 0.0000000e+000
 0.0000000e+000
 0.0000000e+000
 0.0000000e+000
 0.0000000e+000
 0.0000000e+000
 0.0000000e+000
 0.0000000e+000
 0.0000000e+000
 0.0000000e+000
 0.0000000e+000
 0.0000000e+000
 0.0000000e+000
 0.0000000e+000
 0.0000000e+000
 0.0000000e+000
 0.0000000e+000
 0.0000000e+000
 0.0000000e+000
 0.0000000e+000
 0.0000000e+000
 0.0000000e+000
 0.0000000e+000
 0.0000000e+000
 0.0000000e+000
 0.0000000e+000
 0.0000000e+000
 0.0000000e+000
 0.0000000e+000
 0.0000000e+000
 0.0000000e+000
 0.0000000e+000
 0.0000000e+000
 0.0000000e+000
 0.0000000e+000
 0.0000000e+000
 0.0000000e+000
 0.0000000e+000
 0.0000000e+000
 0.0000000e+000
 0.0000000e+000
 0.0000000e+000
 0.0000000e+000
 0.0000000e+000
 0.0000000e+000
 0.0000000e+000
 0.0000000e+000
 0.0000000e+000
 0.0000000e+000
 0.0000000e+000
 0.0000000e+000
 0.0000000e+000
 0.0000000e+000
 0.0000000e+000
 0.0000000e+000
 0.0000000e+000
 0.0000000e+000
 0.0000000e+000
 0.0000000e+000
 0.0000000e+000
 0.0000000e+000
 0.0000000e+000
 0.0000000e+000
 0.0000000e+000
 0.0000000e+000
 0.0000000e+000
 0.0000000e+000
 0.0000000e+000
 0.0000000e+000
 0.0000000e+000
 0.0000000e+000
 0.0000000e+000
 0.0000000e+000
 0.0000000e+000
 0.0000000e+000
 0.0000000e+000
 0.0000000e+000
 0.0000000e+000
 0.0000000e+000
 0.0000000e+000
 0.0000000e+000
 0.0000000e+000
 0.0000000e+000
 0.0000000e+000
 0.0000000e+000
 0.0000000e+000
 0.0000000e+000
 0.0000000e+000
 0.0000000e+000
 0.0000000e+000
 0.0000000e+000
 0.0000000e+000
 0.0000000e+000
 0.0000000e+000
 0.0000000e+000
 0.0000000e+000
 0.0000000e+000
 0.0000000e+000
 0.0000000e+000
 0.0000000e+000
 0.0000000e+000
 0.0000000e+000
 0.0000000e+000
 0.0000000e+000
 0.0000000e+000
 0.0000000e+000
 0.0000000e+000
 0.0000000e+000
 0.0000000e+000
 0.0000000e+000
 0.0000000e+000
 0.0000000e+000
 0.0000000e+000
 0.0000000e+000
 0.0000000e+000
 0.0000000e+000
 0.0000000e+000
 0.0000000e+000
 0.0000000e+000
 0.0000000e+000
 0.0000000e+000
 0.0000000e+000
 0.0000000e+000
 0.0000000e+000
 0.0000000e+000
 0.0000000e+000
 0.0000000e+000
 0.0000000e+000
 0.0000000e+000
 0.0000000e+000
 0.0000000e+000
 0.0000000e+000
 0.0000000e+000
 0.0000000e+000
 0.0000000e+000
 0.0000000e+000
 0.0000000e+000
 0.0000000e+000
 0.0000000e+000
 0.0000000e+000
 0.0000000e+000
 0.0000000e+000
 0.0000000e+000
 0.0000000e+000
 0.0000000e+000
 0.0000000e+000
 0.0000000e+000
 0.0000000e+000
 0.0000000e+000
 0.0000000e+000
 0.0000000e+000
 0.0000000e+000
 0.0000000e+000
 0.0000000e+000
 0.0000000e+000
 0.0000000e+000
 0.0000000e+000
 0.0000000e+000
 0.0000000e+000
 0.0000000e+000
 0.0000000e+000
 0.0000000e+000
 0.0000000e+000
 0.0000000e+000
 0.0000000e+000
 0.0000000e+000
 0.0000000e+000
 0.0000000e+000
 0.0000000e+000
 0.0000000e+000
 0.0000000e+000
 0.0000000e+000
 0.0000000e+000
 0.0000000e+000
 0.0000000e+000
 0.0000000e+000
 0.0000000e+000
 0.0000000e+000
 0.0000000e+000
 0.0000000e+000
 0.0000000e+000
 0.0000000e+000
 0.0000000e+000
 0.0000000e+000
 0.0000000e+000
 0.0000000e+000
 0.0000000e+000
 0.0000000e+000
 0.0000000e+000
 0.0000000e+000
 0.0000000e+000
 0.0000000e+000
 0.0000000e+000
 0.0000000e+000
 0.0000000e+000
 0.0000000e+000
 0.0000000e+000
 0.0000000e+000
 0.0000000e+000
 0.0000000e+000
 0.0000000e+000
 0.0000000e+000
 0.0000000e+000
 0.0000000e+000
 0.0000000e+000
 0.0000000e+000
 0.0000000e+000
 0.0000000e+000
 0.0000000e+000
 0.0000000e+000
 0.0000000e+000
 0.0000000e+000
 0.0000000e+000
 0.0000000e+000
 0.0000000e+000
 0.0000000e+000
 0.0000000e+000
 0.0000000e+000
 0.0000000e+000
 0.0000000e+000
 0.0000000e+000
 0.0000000e+000
 0.0000000e+000
 0.0000000e+000
 0.0000000e+000
 0.0000000e+000
 0.0000000e+000
 0.0000000e+000
 0.0000000e+000
 0.0000000e+000
 0.0000000e+000
 0.0000000e+000
 0.0000000e+000
 0.0000000e+000
 0.0000000e+000
 0.0000000e+000
 0.0000000e+000
 0.0000000e+000
 0.0000000e+000
 0.0000000e+000
 0.0000000e+000
 0.0000000e+000
 0.0000000e+000
 0.0000000e+000
 0.0000000e+000
 0.0000000e+000
 0.0000000e+000
 0.0000000e+000
 0.0000000e+000
 0.0000000e+000
 0.0000000e+000
 0.0000000e+000
 0.0000000e+000
 0.0000000e+000
 0.0000000e+000
 0.0000000e+000
 0.0000000e+000
 0.0000000e+000
 0.0000000e+000
 0.0000000e+000
 0.0000000e+000
 0.0000000e+000
 0.0000000e+000
 0.0000000e+000
 0.0000000e+000
 0.0000000e+000
 0.0000000e+000
 0.0000000e+000
 0.0000000e+000
 0.0000000e+000
 0.0000000e+000
 0.0000000e+000
 0.0000000e+000
 0.0000000e+000
 0.0000000e+000
 0.0000000e+000
 0.0000000e+000
 0.0000000e+000
 0.0000000e+000
 0.0000000e+000
 0.0000000e+000
 0.0000000e+000
 0.0000000e+000
 0.0000000e+000
 0.0000000e+000
 0.0000000e+000
 0.0000000e+000
 0.0000000e+000
 0.0000000e+000
 0.0000000e+000
 0.0000000e+000
 0.0000000e+000
 0.0000000e+000
 0.0000000e+000
 0.0000000e+000
 0.0000000e+000
 0.0000000e+000
 0.0000000e+000
 0.0000000e+000
 0.0000000e+000
 0.0000000e+000
 0.0000000e+000
 0.0000000e+000
 0.0000000e+000
 0.0000000e+000
 0.0000000e+000
 0.0000000e+000
 0.0000000e+000
 0.0000000e+000
 0.0000000e+000
 0.0000000e+000
 0.0000000e+000
 0.0000000e+000
 0.0000000e+000
 0.0000000e+000
 0.0000000e+000
 0.0000000e+000
 0.0000000e+000
 0.0000000e+000
 0.0000000e+000
 0.0000000e+000
 0.0000000e+000
 0.0000000e+000
 0.0000000e+000
 0.0000000e+000
 0.0000000e+000
 0.0000000e+000
 0.0000000e+000
 0.0000000e+000
 0.0000000e+000
 0.0000000e+000
 0.0000000e+000
 0.0000000e+000
 0.0000000e+000
 0.0000000e+000
 0.0000000e+000
 0.0000000e+000
 0.0000000e+000
 0.0000000e+000
 0.0000000e+000
 0.0000000e+000
 0.0000000e+000
 0.0000000e+000
 0.0000000e+000
 0.0000000e+000
 0.0000000e+000
 0.0000000e+000
 0.0000000e+000
 0.0000000e+000
 0.0000000e+000
 0.0000000e+000
 0.0000000e+000
 0.0000000e+000
 0.0000000e+000
 0.0000000e+000
 0.0000000e+000
 0.0000000e+000
 0.0000000e+000
 0.0000000e+000
 0.0000000e+000
 0.0000000e+000
 0.0000000e+000
 0.0000000e+000
 0.0000000e+000
 0.0000000e+000
 0.0000000e+000
 0.0000000e+000
 0.0000000e+000
 0.0000000e+000
 0.0000000e+000
 0.0000000e+000
 0.0000000e+000
 0.0000000e+000
 0.0000000e+000
 0.0000000e+000
 0.0000000e+000
 0.0000000e+000
 0.0000000e+000
 0.0000000e+000
 0.0000000e+000
 0.0000000e+000
 0.0000000e+000
 0.0000000e+000
 0.0000000e+000
 0.0000000e+000
 0.0000000e+000
 0.0000000e+000
 0.0000000e+000
 0.0000000e+000
 0.0000000e+000
 0.0000000e+000
 0.0000000e+000
 0.0000000e+000
 0.0000000e+000
 0.0000000e+000
 0.0000000e+000
 0.0000000e+000
 0.0000000e+000
 0.0000000e+000
 0.0000000e+000
 0.0000000e+000
 0.0000000e+000
 0.0000000e+000
 0.0000000e+000
 0.0000000e+000
 0.0000000e+000
 0.0000000e+000
 0.0000000e+000
 0.0000000e+000
 0.0000000e+000
 0.0000000e+000
 0.0000000e+000
 0.0000000e+000
 0.0000000e+000
 0.0000000e+000
 0.0000000e+000
 0.0000000e+000
 0.0000000e+000
 0.0000000e+000
 0.0000000e+000
 0.0000000e+000
 0.0000000e+000
 0.0000000e+000
 0.0000000e+000
 0.0000000e+000
 0.0000000e+000
 0.0000000e+000
 0.0000000e+000
 0.0000000e+000
 0.0000000e+000
 0.0000000e+000
 0.0000000e+000
 0.0000000e+000
 0.0000000e+000
 0.0000000e+000
 0.0000000e+000
 0.0000000e+000
 0.0000000e+000
 0.0000000e+000
 0.0000000e+000
 0.0000000e+000
 0.0000000e+000
 0.0000000e+000
 0.0000000e+000
 0.0000000e+000
 0.0000000e+000
 0.0000000e+000
 0.0000000e+000
 0.0000000e+000
 0.0000000e+000
 0.0000000e+000
 0.0000000e+000
 0.0000000e+000
 0.0000000e+000
 0.0000000e+000
 0.0000000e+000
 0.0000000e+000
 0.0000000e+000
 0.0000000e+000
 0.0000000e+000
 0.0000000e+000
 0.0000000e+000
 0.0000000e+000
 0.0000000e+000
 0.0000000e+000
 0.0000000e+000
 0.0000000e+000
 0.0000000e+000
 0.0000000e+000
 0.0000000e+000
 0.0000000e+000
 0.0000000e+000
 0.0000000e+000
 0.0000000e+000
 0.0000000e+000
 0.0000000e+000
 0.0000000e+000
 0.0000000e+000
 0.0000000e+000
 0.0000000e+000
 0.0000000e+000
 0.0000000e+000
 0.0000000e+000
 0.0000000e+000
 0.0000000e+000
 0.0000000e+000
 0.0000000e+000
 0.0000000e+000
 0.0000000e+000
 0.0000000e+000
 0.0000000e+000
 0.0000000e+000
 0.0000000e+000
 0.0000000e+000
 0.0000000e+000
 0.0000000e+000
 0.0000000e+000
 0.0000000e+000
 0.0000000e+000
 0.0000000e+000
 0.0000000e+000
 0.0000000e+000
 0.0000000e+000
 0.0000000e+000
 0.0000000e+000
 0.0000000e+000
 0.0000000e+000
 0.0000000e+000
 0.0000000e+000
 0.0000000e+000
 0.0000000e+000
 0.0000000e+000
 0.0000000e+000
 0.0000000e+000
 0.0000000e+000
 0.0000000e+000
 0.0000000e+000
 0.0000000e+000
 0.0000000e+000
 0.0000000e+000
 0.0000000e+000
 0.0000000e+000
 0.0000000e+000
 0.0000000e+000
 0.0000000e+000
 0.0000000e+000
 0.0000000e+000
 0.0000000e+000
 0.0000000e+000
 0.0000000e+000
 0.0000000e+000
 0.0000000e+000
 0.0000000e+000
 0.0000000e+000
 0.0000000e+000
 0.0000000e+000
 0.0000000e+000
 0.0000000e+000
 0.0000000e+000
 0.0000000e+000
 0.0000000e+000
 0.0000000e+000
 0.0000000e+000
 0.0000000e+000
 0.0000000e+000
 0.0000000e+000
 0.0000000e+000
 0.0000000e+000
 0.0000000e+000
 0.0000000e+000
 0.0000000e+000
 0.0000000e+000
 0.0000000e+000
 0.0000000e+000
 0.0000000e+000
 0.0000000e+000
 0.0000000e+000
 0.0000000e+000
 0.0000000e+000
 0.0000000e+000
 0.0000000e+000
 0.0000000e+000
 0.0000000e+000
 0.0000000e+000
 0.0000000e+000
 0.0000000e+000
 0.0000000e+000
 0.0000000e+000
 0.0000000e+000
 0.0000000e+000
 0.0000000e+000
 0.0000000e+000
 0.0000000e+000
 0.0000000e+000
 0.0000000e+000
 0.0000000e+000
 0.0000000e+000
 0.0000000e+000
 0.0000000e+000
 0.0000000e+000
 0.0000000e+000
 0.0000000e+000
 0.0000000e+000
 0.0000000e+000
 0.0000000e+000
 0.0000000e+000
 0.0000000e+000
 0.0000000e+000
 0.0000000e+000
 0.0000000e+000
 0.0000000e+000
 0.0000000e+000
 0.0000000e+000
 0.0000000e+000
 0.0000000e+000
 0.0000000e+000
 0.0000000e+000
 0.0000000e+000
 0.0000000e+000
 0.0000000e+000
 0.0000000e+000
 0.0000000e+000
 0.0000000e+000
 0.0000000e+000
 0.0000000e+000
 0.0000000e+000
 0.0000000e+000
 0.0000000e+000
 0.0000000e+000
 0.0000000e+000
 0.0000000e+000
 0.0000000e+000
 0.0000000e+000
 0.0000000e+000
 0.0000000e+000
 0.0000000e+000
 0.0000000e+000
 0.0000000e+000
 0.0000000e+000
 0.0000000e+000
 0.0000000e+000
 0.0000000e+000
 0.0000000e+000
 0.0000000e+000
 0.0000000e+000
 0.0000000e+000
 0.0000000e+000
 0.0000000e+000
 0.0000000e+000
 0.0000000e+000
 0.0000000e+000
 0.0000000e+000
 0.0000000e+000
 0.0000000e+000
 0.0000000e+000
 0.0000000e+000
 0.0000000e+000
 0.0000000e+000
 0.0000000e+000
 0.0000000e+000
 0.0000000e+000
 0.0000000e+000
 0.0000000e+000
 0.0000000e+000
 0.0000000e+000
 0.0000000e+000
 0.0000000e+000
 0.0000000e+000
 0.0000000e+000
 0.0000000e+000
 0.0000000e+000
 0.0000000e+000
 0.0000000e+000
 0.0000000e+000
 0.0000000e+000
 0.0000000e+000
 0.0000000e+000
 0.0000000e+000
 0.0000000e+000
 0.0000000e+000
 0.0000000e+000
 0.0000000e+000
 0.0000000e+000
 0.0000000e+000
 0.0000000e+000
 0.0000000e+000
 0.0000000e+000
 0.0000000e+000
 0.0000000e+000
 0.0000000e+000
 0.0000000e+000
 0.0000000e+000
 0.0000000e+000
 0.0000000e+000
 0.0000000e+000
 0.0000000e+000
 0.0000000e+000
 0.0000000e+000
 0.0000000e+000
 0.0000000e+000
 0.0000000e+000
 0.0000000e+000
 0.0000000e+000
 0.0000000e+000
 0.0000000e+000
 0.0000000e+000
 0.0000000e+000
 0.0000000e+000
 0.0000000e+000
 0.0000000e+000
 0.0000000e+000
 0.0000000e+000
 0.0000000e+000
 0.0000000e+000
 0.0000000e+000
 0.0000000e+000
 0.0000000e+000
 0.0000000e+000
 0.0000000e+000
 0.0000000e+000
 0.0000000e+000
 0.0000000e+000
 0.0000000e+000
 0.0000000e+000
 0.0000000e+000
 0.0000000e+000
 0.0000000e+000
 0.0000000e+000
 0.0000000e+000
 0.0000000e+000
 0.0000000e+000
 0.0000000e+000
 0.0000000e+000
 0.0000000e+000
 0.0000000e+000
 0.0000000e+000
 0.0000000e+000
 0.0000000e+000
 0.0000000e+000
 0.0000000e+000
 0.0000000e+000
 0.0000000e+000
 0.0000000e+000
 0.0000000e+000
 0.0000000e+000
 0.0000000e+000
 0.0000000e+000
 0.0000000e+000
 0.0000000e+000
 0.0000000e+000
 0.0000000e+000
 0.0000000e+000
 0.0000000e+000
 0.0000000e+000
 0.0000000e+000
 0.0000000e+000
 0.0000000e+000
 0.0000000e+000
 0.0000000e+000
 0.0000000e+000
 0.0000000e+000
 0.0000000e+000
 0.0000000e+000
 0.0000000e+000
 0.0000000e+000
 0.0000000e+000
 0.0000000e+000
 0.0000000e+000
 0.0000000e+000
 0.0000000e+000
 0.0000000e+000
 0.0000000e+000
 0.0000000e+000
 0.0000000e+000
 0.0000000e+000
 0.0000000e+000
 0.0000000e+000
 0.0000000e+000
 0.0000000e+000
 0.0000000e+000
 0.0000000e+000
 0.0000000e+000
 0.0000000e+000
 0.0000000e+000
 0.0000000e+000
 0.0000000e+000
 0.0000000e+000
 0.0000000e+000
 0.0000000e+000
 0.0000000e+000
 0.0000000e+000
 0.0000000e+000
 0.0000000e+000
 0.0000000e+000
 0.0000000e+000
 0.0000000e+000
 0.0000000e+000
 0.0000000e+000
 0.0000000e+000
 0.0000000e+000
 0.0000000e+000
 0.0000000e+000
 0.0000000e+000
 0.0000000e+000
 0.0000000e+000
 0.0000000e+000
 0.0000000e+000
 0.0000000e+000
 0.0000000e+000
 0.0000000e+000
 0.0000000e+000
 0.0000000e+000
 0.0000000e+000
 0.0000000e+000
 0.0000000e+000
 0.0000000e+000
 0.0000000e+000
 0.0000000e+000
 0.0000000e+000
 0.0000000e+000
 0.0000000e+000
 0.0000000e+000
 0.0000000e+000
 0.0000000e+000
 0.0000000e+000
 0.0000000e+000
 0.0000000e+000
 0.0000000e+000
 0.0000000e+000
 0.0000000e+000
 0.0000000e+000
 0.0000000e+000
 0.0000000e+000
 0.0000000e+000
 0.0000000e+000
 0.0000000e+000
 0.0000000e+000
 0.0000000e+000
 0.0000000e+000
 0.0000000e+000
 0.0000000e+000
 0.0000000e+000
 0.0000000e+000
 0.0000000e+000
 0.0000000e+000
 0.0000000e+000
 0.0000000e+000
 0.0000000e+000
 0.0000000e+000
 0.0000000e+000
 0.0000000e+000
 0.0000000e+000
 0.0000000e+000
 0.0000000e+000
 0.0000000e+000
 0.0000000e+000
 0.0000000e+000
 0.0000000e+000
 0.0000000e+000
 0.0000000e+000
 0.0000000e+000
 0.0000000e+000
 0.0000000e+000
 0.0000000e+000
 0.0000000e+000
 0.0000000e+000
 0.0000000e+000
 0.0000000e+000
 0.0000000e+000
 0.0000000e+000
 0.0000000e+000
 0.0000000e+000
 0.0000000e+000
 0.0000000e+000
 0.0000000e+000
 0.0000000e+000
 0.0000000e+000
 0.0000000e+000
 0.0000000e+000
 0.0000000e+000
 0.0000000e+000
 0.0000000e+000
 0.0000000e+000
 0.0000000e+000
 0.0000000e+000
 0.0000000e+000
 0.0000000e+000
 0.0000000e+000
 0.0000000e+000
 0.0000000e+000
 0.0000000e+000
 0.0000000e+000
 0.0000000e+000
 0.0000000e+000
 0.0000000e+000
 0.0000000e+000
 0.0000000e+000
 0.0000000e+000
 0.0000000e+000
 0.0000000e+000
 0.0000000e+000
 0.0000000e+000
 0.0000000e+000
 0.0000000e+000
 0.0000000e+000
 0.0000000e+000
 0.0000000e+000
 0.0000000e+000
 0.0000000e+000
 0.0000000e+000
 0.0000000e+000
 0.0000000e+000
 0.0000000e+000
 0.0000000e+000
 0.0000000e+000
 0.0000000e+000
 0.0000000e+000
 0.0000000e+000
 0.0000000e+000
 0.0000000e+000
 0.0000000e+000
 0.0000000e+000
 0.0000000e+000
 0.0000000e+000
 0.0000000e+000
 0.0000000e+000
 0.0000000e+000
 0.0000000e+000
 0.0000000e+000
 0.0000000e+000
 0.0000000e+000
 0.0000000e+000
 0.0000000e+000
 0.0000000e+000
 0.0000000e+000
 0.0000000e+000
 0.0000000e+000
 0.0000000e+000
 0.0000000e+000
 0.0000000e+000
 0.0000000e+000
 0.0000000e+000
 0.0000000e+000
 0.0000000e+000
