 S07WV3 Record=25: SRF Band 1 WorldView3 Coastal           
 2.8500001e-008
 2.7200000e-008
 2.5300000e-008
 1.9500000e-008
 1.4000000e-008
 1.7100000e-008
 2.3700000e-008
 1.4700000e-008
 1.6400000e-008
 1.4400000e-008
 1.3600000e-008
 9.4599999e-009
 1.0700000e-008
 1.1000000e-008
 1.0600000e-008
 1.2400000e-008
 1.4800000e-008
 1.4200000e-008
 1.2400000e-008
 1.2700000e-008
 1.4300000e-008
 1.5500000e-008
 2.4800000e-008
 2.3100000e-008
 2.3200000e-008
 2.6300000e-008
 3.9900002e-008
 1.0600000e-007
 2.8500000e-007
 6.6400003e-007
 1.6200000e-006
 3.9400002e-006
 7.9600004e-006
 1.4000000e-005
 2.1200000e-005
 2.9999999e-005
 5.4799999e-005
 9.3299997e-005
 1.4000000e-004
 2.2700000e-004
 4.7500001e-004
 8.6199999e-004
 1.4640000e-003
 2.5299999e-003
 6.7360001e-003
 1.8576000e-002
 3.4619998e-002
 5.3293001e-002
 1.2400100e-001
 2.1361201e-001
 3.0511501e-001
 3.9947101e-001
 4.6719199e-001
 5.2949101e-001
 5.5751598e-001
 5.7591897e-001
 5.9034699e-001
 6.0323900e-001
 6.2047702e-001
 6.3916999e-001
 6.4878100e-001
 6.5559202e-001
 6.6850501e-001
 6.8279201e-001
 6.9756901e-001
 7.1258801e-001
 7.2707498e-001
 7.4135101e-001
 7.5475198e-001
 7.6768702e-001
 7.7848703e-001
 7.8855199e-001
 7.9701102e-001
 8.0564499e-001
 8.1708801e-001
 8.2853198e-001
 8.4076798e-001
 8.5329998e-001
 8.6432999e-001
 8.7479103e-001
 8.8185197e-001
 8.8842303e-001
 8.8654101e-001
 8.8297302e-001
 8.8827002e-001
 8.9498901e-001
 9.0733200e-001
 9.2060697e-001
 9.3500102e-001
 9.4973099e-001
 9.6212101e-001
 9.7380799e-001
 9.8234302e-001
 9.9045700e-001
 9.9528199e-001
 1.0000000e+000
 9.7494900e-001
 9.4533002e-001
 8.1125599e-001
 6.6360301e-001
 4.7434500e-001
 2.7871600e-001
 1.7119600e-001
 7.2559997e-002
 4.2456001e-002
 1.9747000e-002
 1.0056000e-002
 4.7160001e-003
 2.7999999e-003
 1.6480000e-003
 1.0790000e-003
 6.5800000e-004
 4.1600000e-004
 2.6800000e-004
 1.8100000e-004
 9.5900003e-005
 8.1200000e-005
 6.0200000e-005
 3.8599999e-005
 2.4900000e-005
 1.6000000e-005
 1.1100000e-005
 9.2399996e-006
 7.1099998e-006
 5.8599999e-006
 4.2000001e-006
 3.9000001e-006
 3.2500000e-006
 2.4500000e-006
 2.1599999e-006
 1.5000001e-006
 1.2199999e-006
 8.2399998e-007
 7.3400003e-007
 4.9099998e-007
 4.8200002e-007
 5.0599999e-007
 4.0899999e-007
 4.1400000e-007
 3.9299999e-007
 2.6500001e-007
 1.8199999e-007
 2.6800001e-007
 3.1100001e-007
 1.6000000e-007
 8.4100002e-008
 1.3300000e-007
 2.0700000e-007
 4.1900000e-007
 1.8000000e-007
 1.0600000e-007
 1.3899999e-007
 1.0900000e-007
 3.9099999e-007
 8.8900002e-008
 1.3499999e-007
 2.6900000e-007
 3.5599999e-007
 1.7100000e-007
 1.4400000e-007
 1.8500000e-007
 2.4700000e-007
 1.5400001e-007
 9.1499999e-008
 1.2900000e-007
 5.6200001e-008
 1.3899999e-007
 3.1100001e-007
 1.6600001e-007
 1.7200000e-007
 8.7799997e-008
 2.7600001e-007
 2.9200001e-007
 1.9100000e-007
 1.0600000e-007
 9.6199997e-008
 2.1900000e-007
 4.2700000e-007
 1.4299999e-007
 2.2099999e-007
 1.8700000e-007
 2.2000000e-007
 4.2900001e-007
 2.3900000e-007
 5.6400000e-007
 9.4500001e-007
 5.3000002e-007
 3.0100000e-007
 8.0200003e-008
 3.3000001e-007
 1.8400000e-007
 2.4100001e-007
 3.7500001e-008
 6.6699997e-008
 2.8500001e-008
 9.0999997e-008
 1.7100000e-007
 7.5400003e-008
 1.0200000e-007
 1.3300000e-007
 2.5700001e-007
 1.9800000e-007
 1.6900000e-007
 4.1400000e-007
 8.6299998e-008
 6.2200002e-008
 1.0200000e-007
 6.8699997e-008
 1.3200000e-007
 8.3899998e-008
 1.6100000e-007
 1.1300000e-007
 5.8700000e-008
 1.0300000e-007
 6.4399998e-008
 4.1700002e-008
 1.4000000e-007
 1.4299999e-007
 7.6200003e-008
 5.3400001e-008
 1.0200000e-008
 2.1000000e-008
 3.3399999e-008
 9.0699999e-008
 7.5599999e-008
 1.0900000e-007
 2.4500000e-007
 1.4100000e-007
 1.4400000e-007
 1.9800000e-007
 2.0000000e-007
 9.9300003e-008
 1.1000000e-007
 8.8900002e-008
 4.6500000e-007
 5.6599998e-007
 2.3100000e-007
 3.1200000e-007
 2.3800000e-007
 2.6300000e-007
 1.1600000e-007
 1.0600000e-007
 3.2000000e-007
 9.4199997e-008
 9.7300003e-008
 1.2400000e-007
 1.3099999e-007
 3.3699999e-007
 8.9300002e-008
 2.3800000e-007
 7.4200000e-007
 1.0500000e-006
 6.7000002e-007
 6.8800000e-007
 5.8099999e-007
 3.5100001e-007
 2.2800000e-007
 2.4700000e-007
 2.3999999e-007
 6.5199998e-007
 2.2899999e-007
 1.9600000e-007
 1.5900000e-007
 3.6399999e-007
 5.9700000e-007
 5.9500002e-007
 4.4500001e-007
 6.9700002e-007
 9.4699999e-007
 1.1100000e-006
 9.7099996e-007
 9.7099996e-007
 9.4600000e-007
 1.0300000e-006
 1.3800000e-006
 2.1900000e-006
 1.6900000e-006
 5.0599999e-007
 2.1500000e-007
 3.2899999e-007
 4.2799999e-007
 1.5900000e-007
 1.9900000e-007
 1.8400000e-007
 1.1300000e-007
 1.0400000e-007
 1.4800000e-007
 3.4700001e-008
 1.1200000e-007
 1.1900000e-007
 1.9800000e-007
 2.5599999e-007
 1.0500000e-007
 1.8900000e-007
 6.8799999e-008
 6.1400002e-008
 3.3599999e-008
 4.7200000e-008
 1.4400000e-007
 2.3800000e-007
 2.0300000e-007
 2.3100000e-007
 8.8999997e-008
 1.5300000e-007
 1.1100000e-007
 1.0400000e-007
 4.1400000e-008
 4.1400000e-008
 2.4500000e-007
 4.0500001e-007
 9.0999997e-008
 2.1100000e-007
 1.4900000e-007
 2.2200000e-007
 3.5200000e-007
 8.8500002e-008
 1.0800000e-007
 1.8800000e-007
 1.1400000e-007
 1.0500000e-007
 5.6499999e-008
 1.3499999e-007
 1.1400000e-007
 1.1300000e-007
 9.7799997e-008
 7.7099997e-008
 1.2600000e-007
 1.7200000e-007
 2.6000001e-007
 2.0900001e-007
 6.9300000e-008
 5.5299999e-008
 1.0400000e-007
 2.3500000e-007
 2.3600001e-007
 1.7000001e-007
 1.4600000e-007
 8.9099998e-008
 2.0200000e-007
 2.1500000e-007
 3.0700001e-008
 5.9400001e-008
 2.9500001e-007
 5.0400001e-007
 3.2099999e-007
 1.7900000e-007
 2.4100001e-007
 3.6200001e-007
 3.4600001e-007
 1.5800001e-007
 1.1600000e-007
 3.7000001e-007
 4.6800000e-007
 2.8400001e-007
 2.1200000e-007
 1.4000000e-007
 9.5300003e-008
 1.6400000e-007
 1.5400001e-007
 8.5499998e-008
 1.0300000e-007
 2.7700001e-008
 3.5100001e-008
 8.9700002e-008
 1.2800000e-007
 3.7000001e-007
 3.5400001e-007
 1.5500000e-007
 1.3000000e-007
 1.2200000e-007
 1.8700000e-007
 1.4699999e-007
 7.0100000e-008
 1.6700000e-008
 5.6699999e-008
 1.2500000e-007
 1.8400000e-007
 1.2100000e-007
 5.6299999e-008
 3.1199999e-008
 2.2000000e-010
 1.7300000e-007
 1.6400000e-007
 8.0699998e-008
 2.5400001e-007
 1.9800000e-007
 2.5700000e-009
 4.6099998e-008
 1.5200000e-007
 3.8700000e-007
 3.1799999e-007
 6.3800002e-008
 1.4200000e-008
 5.1699999e-007
 6.7399998e-007
 2.6300000e-007
 8.9399997e-008
 2.2899999e-007
 3.8200000e-007
 3.4900000e-007
 3.6399999e-007
 6.9900000e-007
 7.4000002e-007
 6.3599998e-007
 7.4799999e-007
 5.0800003e-007
 4.3300000e-007
 7.2699999e-007
 4.7399999e-007
 2.7900001e-007
 2.6999999e-007
 4.2700000e-007
 5.7400001e-007
 4.3099999e-007
 2.4799999e-007
 3.8499999e-007
 4.0699999e-007
 6.7299999e-007
 7.4399998e-007
 8.7199999e-007
 9.8500004e-007
 1.0600000e-006
 1.2000000e-006
 1.6499999e-006
 1.6800000e-006
 1.6100000e-006
 1.5500000e-006
 1.9500001e-006
 1.9000000e-006
 1.6499999e-006
 1.7700000e-006
 2.2300001e-006
 3.2700000e-006
 4.8699999e-006
 7.1499999e-006
 9.6699996e-006
 1.1300000e-005
 1.1900000e-005
 8.3499999e-006
 1.1400000e-005
 1.2900000e-005
 1.3100000e-005
 1.2600000e-005
 1.1500000e-005
 1.0700000e-005
 1.0900000e-005
 1.0800000e-005
 1.2200000e-005
 2.8000000e-005
 2.7599999e-005
 4.5600002e-005
 4.9499999e-005
 5.4399999e-005
 5.8699999e-005
 5.9000002e-005
 5.2200001e-005
 6.2200001e-005
 5.8500002e-005
 5.1499999e-005
 4.1700001e-005
 4.3900000e-005
 4.4900000e-005
 3.7099999e-005
 4.0100000e-005
 3.2600001e-005
 3.3600001e-005
 4.5699999e-005
 3.7099999e-005
 3.7400001e-005
 3.0600000e-005
 2.6899999e-005
 1.6399999e-005
 2.0900001e-005
 2.3000001e-005
 3.3400000e-005
 1.7000000e-005
 1.7500000e-005
 1.6399999e-005
 1.6200000e-005
 1.8700001e-005
 2.4600000e-005
 2.5200001e-005
 1.6100001e-005
 1.7799999e-005
 1.4900000e-005
 2.2000000e-005
 2.1000000e-005
 1.9499999e-005
 2.0699999e-005
 1.4600000e-005
 1.6500000e-005
 1.4400000e-005
 1.9499999e-005
 1.8299999e-005
 7.7900004e-006
 4.4399999e-006
 7.4099999e-006
 8.0099999e-006
 2.8200000e-005
 2.8300001e-005
 3.0100000e-005
 3.6000001e-005
 2.3000001e-005
 2.7200000e-005
 2.8500001e-005
 2.4700001e-005
 2.4299999e-005
 1.3000000e-005
 1.8900000e-005
 2.1100001e-005
 2.0699999e-005
 1.9400000e-005
 1.1000000e-005
 9.1700003e-006
 1.1000000e-005
 9.8299997e-006
 1.7000000e-005
 1.8100000e-005
 1.5300000e-005
 9.8099999e-006
 9.9999997e-006
 1.5500000e-005
 7.9399997e-006
 6.9900002e-006
 8.5600004e-006
 1.0400000e-005
 1.0400000e-005
 1.2700000e-005
 8.8799998e-006
 8.3900004e-006
 8.2500001e-006
 1.0300000e-005
 1.0300000e-005
 8.6500004e-006
 1.0200000e-005
 8.7400003e-006
 8.3599998e-006
 9.3500003e-006
 9.7800003e-006
 8.8500001e-006
 9.0800004e-006
 5.1100001e-006
 9.4699999e-006
 3.8300000e-006
 5.0499998e-006
 4.9800001e-006
 6.4400001e-006
 7.7200002e-006
 5.3499998e-006
 6.9600001e-006
 3.7499999e-006
 4.4300000e-006
 6.0100001e-006
 7.1800000e-006
 2.2100000e-006
 4.0300001e-006
 3.4800000e-006
 2.8800000e-006
 5.2099999e-006
 1.2600000e-006
 2.8800000e-006
 1.5900000e-006
 9.3599999e-007
 1.2000000e-006
 3.0000001e-006
 3.0799999e-006
 2.7599999e-006
 2.3099999e-006
 2.4700000e-006
 2.2700001e-006
 1.4700000e-006
 3.0700000e-006
 2.1700000e-006
 8.7100000e-007
 9.8299995e-007
 1.8900000e-006
 1.3600001e-006
 1.8300000e-006
 1.6400001e-006
 1.4600000e-006
 7.8300002e-007
 1.5600000e-006
 1.2600000e-006
 7.6200001e-007
 1.7000000e-006
 1.7200000e-006
 1.0700001e-006
 1.9600000e-006
 1.5200000e-006
 1.7800000e-006
 2.0299999e-006
 1.4000000e-006
 4.5600001e-007
 1.4100000e-006
 1.1900000e-006
 1.0100000e-006
 6.0799999e-007
 6.2700002e-007
 9.1999999e-007
 1.3600001e-006
 1.7800000e-006
 1.2600000e-006
 1.4200000e-006
 8.0400002e-007
 3.5500000e-007
 8.9700001e-007
 1.0600000e-006
 8.6500000e-007
 8.4400000e-007
 5.2600001e-007
 1.6300000e-006
 8.5400001e-007
 4.3000000e-007
 6.5799998e-007
 9.7099996e-007
 7.3899997e-007
 7.6100002e-007
 4.8700002e-007
 2.6500001e-007
 4.6100001e-007
 6.4400001e-007
 7.6700002e-007
 8.9899999e-007
 5.9400003e-007
 4.6800000e-007
 6.1999998e-007
 4.4600000e-007
 2.2400000e-007
 5.2199999e-007
 5.8699999e-007
 5.7099999e-007
 5.5999999e-007
 5.7000000e-007
 7.8400001e-007
 2.0600000e-007
 4.1300001e-007
 5.1699999e-007
 6.1300000e-007
 6.5400002e-007
 7.5200001e-007
 5.7099999e-007
 6.0100001e-007
 5.0199998e-007
 6.8300000e-007
 4.0500001e-007
 5.2600001e-007
 6.5600000e-007
 7.2400002e-007
 7.0499999e-007
 4.3300000e-007
 3.4300001e-007
 2.1800000e-007
 2.5400001e-007
 1.6300000e-007
 3.8300001e-007
 4.5400000e-007
 3.8600001e-007
 3.1100001e-007
 4.6100001e-007
 3.9400001e-007
 3.3399999e-007
 3.0400000e-007
 2.1100000e-007
 3.2700001e-007
 3.3399999e-007
 3.4199999e-007
 4.0300000e-007
 2.9899999e-007
 4.0699999e-007
 4.8300001e-007
 3.1100001e-007
 3.1299999e-007
 3.2500000e-007
 2.9600000e-007
 3.5400001e-007
 3.5700000e-007
 3.6099999e-007
 2.6300000e-007
 3.3600000e-007
 3.3399999e-007
 2.4600001e-007
 2.4400001e-007
 3.0000001e-007
 2.5200001e-007
 1.3899999e-007
 1.5600000e-007
 2.9500001e-007
 2.0800000e-007
 1.6000000e-007
 1.5500000e-007
 8.2900002e-008
 1.0300000e-007
 1.8599999e-007
 1.3099999e-007
 1.6600001e-007
 1.6800000e-007
 1.8199999e-007
 1.5300000e-007
 1.2500000e-007
 1.1400000e-007
 7.7199999e-008
 1.1400000e-007
 1.0400000e-007
 1.2500000e-007
 1.2600000e-007
 1.1800000e-007
 1.3000000e-007
 1.6300000e-007
 1.2800000e-007
 1.2300001e-007
 7.1000002e-008
 1.0700000e-007
 8.6000000e-008
 1.0500000e-007
 1.1000000e-007
 1.1100000e-007
 1.3499999e-007
 1.2600000e-007
 1.2100000e-007
 1.4000000e-007
 1.3499999e-007
 1.2300001e-007
 1.6900000e-007
 1.9600000e-007
 1.3700000e-007
 1.6600001e-007
 2.1800000e-007
 2.1400000e-007
 2.3400000e-007
 2.5200001e-007
 3.2700001e-007
 3.3000001e-007
 4.3300000e-007
 4.5700000e-007
 2.3200000e-007
 2.5099999e-007
 1.2800000e-007
 1.2400000e-007
 3.8700000e-007
 4.1199999e-007
 3.5799999e-007
 3.8900001e-007
 5.9000001e-007
 6.5400002e-007
 7.0200002e-007
 7.3000001e-007
 7.2900002e-007
 7.9599999e-007
 4.7999998e-007
 4.7999998e-007
 4.8099997e-007
 0.0000000e+000
 0.0000000e+000
 0.0000000e+000
 0.0000000e+000
 0.0000000e+000
 0.0000000e+000
 0.0000000e+000
 0.0000000e+000
 0.0000000e+000
 0.0000000e+000
 0.0000000e+000
 0.0000000e+000
 0.0000000e+000
 0.0000000e+000
 0.0000000e+000
 0.0000000e+000
 0.0000000e+000
 0.0000000e+000
 0.0000000e+000
 0.0000000e+000
 0.0000000e+000
 0.0000000e+000
 0.0000000e+000
 0.0000000e+000
 0.0000000e+000
 0.0000000e+000
 0.0000000e+000
 0.0000000e+000
 0.0000000e+000
 0.0000000e+000
 0.0000000e+000
 0.0000000e+000
 0.0000000e+000
 0.0000000e+000
 0.0000000e+000
 0.0000000e+000
 0.0000000e+000
 0.0000000e+000
 0.0000000e+000
 0.0000000e+000
 0.0000000e+000
 0.0000000e+000
 0.0000000e+000
 0.0000000e+000
 0.0000000e+000
 0.0000000e+000
 0.0000000e+000
 0.0000000e+000
 0.0000000e+000
 0.0000000e+000
 0.0000000e+000
 0.0000000e+000
 0.0000000e+000
 0.0000000e+000
 0.0000000e+000
 0.0000000e+000
 0.0000000e+000
 0.0000000e+000
 0.0000000e+000
 0.0000000e+000
 0.0000000e+000
 0.0000000e+000
 0.0000000e+000
 0.0000000e+000
 0.0000000e+000
 0.0000000e+000
 0.0000000e+000
 0.0000000e+000
 0.0000000e+000
 0.0000000e+000
 0.0000000e+000
 0.0000000e+000
 0.0000000e+000
 0.0000000e+000
 0.0000000e+000
 0.0000000e+000
 0.0000000e+000
 0.0000000e+000
 0.0000000e+000
 0.0000000e+000
 0.0000000e+000
 0.0000000e+000
 0.0000000e+000
 0.0000000e+000
 0.0000000e+000
 0.0000000e+000
 0.0000000e+000
 0.0000000e+000
 0.0000000e+000
 0.0000000e+000
 0.0000000e+000
 0.0000000e+000
 0.0000000e+000
 0.0000000e+000
 0.0000000e+000
 0.0000000e+000
 0.0000000e+000
 0.0000000e+000
 0.0000000e+000
 0.0000000e+000
 0.0000000e+000
 0.0000000e+000
 0.0000000e+000
 0.0000000e+000
 0.0000000e+000
 0.0000000e+000
 0.0000000e+000
 0.0000000e+000
 0.0000000e+000
 0.0000000e+000
 0.0000000e+000
 0.0000000e+000
 0.0000000e+000
 0.0000000e+000
 0.0000000e+000
 0.0000000e+000
 0.0000000e+000
 0.0000000e+000
 0.0000000e+000
 0.0000000e+000
 0.0000000e+000
 0.0000000e+000
 0.0000000e+000
 0.0000000e+000
 0.0000000e+000
 0.0000000e+000
 0.0000000e+000
 0.0000000e+000
 0.0000000e+000
 0.0000000e+000
 0.0000000e+000
 0.0000000e+000
 0.0000000e+000
 0.0000000e+000
 0.0000000e+000
 0.0000000e+000
 0.0000000e+000
 0.0000000e+000
 0.0000000e+000
 0.0000000e+000
 0.0000000e+000
 0.0000000e+000
 0.0000000e+000
 0.0000000e+000
 0.0000000e+000
 0.0000000e+000
 0.0000000e+000
 0.0000000e+000
 0.0000000e+000
 0.0000000e+000
 0.0000000e+000
 0.0000000e+000
 0.0000000e+000
 0.0000000e+000
 0.0000000e+000
 0.0000000e+000
 0.0000000e+000
 0.0000000e+000
 0.0000000e+000
 0.0000000e+000
 0.0000000e+000
 0.0000000e+000
 0.0000000e+000
 0.0000000e+000
 0.0000000e+000
 0.0000000e+000
 0.0000000e+000
 0.0000000e+000
 0.0000000e+000
 0.0000000e+000
 0.0000000e+000
 0.0000000e+000
 0.0000000e+000
 0.0000000e+000
 0.0000000e+000
 0.0000000e+000
 0.0000000e+000
 0.0000000e+000
 0.0000000e+000
 0.0000000e+000
 0.0000000e+000
 0.0000000e+000
 0.0000000e+000
 0.0000000e+000
 0.0000000e+000
 0.0000000e+000
 0.0000000e+000
 0.0000000e+000
 0.0000000e+000
 0.0000000e+000
 0.0000000e+000
 0.0000000e+000
 0.0000000e+000
 0.0000000e+000
 0.0000000e+000
 0.0000000e+000
 0.0000000e+000
 0.0000000e+000
 0.0000000e+000
 0.0000000e+000
 0.0000000e+000
 0.0000000e+000
 0.0000000e+000
 0.0000000e+000
 0.0000000e+000
 0.0000000e+000
 0.0000000e+000
 0.0000000e+000
 0.0000000e+000
 0.0000000e+000
 0.0000000e+000
 0.0000000e+000
 0.0000000e+000
 0.0000000e+000
 0.0000000e+000
 0.0000000e+000
 0.0000000e+000
 0.0000000e+000
 0.0000000e+000
 0.0000000e+000
 0.0000000e+000
 0.0000000e+000
 0.0000000e+000
 0.0000000e+000
 0.0000000e+000
 0.0000000e+000
 0.0000000e+000
 0.0000000e+000
 0.0000000e+000
 0.0000000e+000
 0.0000000e+000
 0.0000000e+000
 0.0000000e+000
 0.0000000e+000
 0.0000000e+000
 0.0000000e+000
 0.0000000e+000
 0.0000000e+000
 0.0000000e+000
 0.0000000e+000
 0.0000000e+000
 0.0000000e+000
 0.0000000e+000
 0.0000000e+000
 0.0000000e+000
 0.0000000e+000
 0.0000000e+000
 0.0000000e+000
 0.0000000e+000
 0.0000000e+000
 0.0000000e+000
 0.0000000e+000
 0.0000000e+000
 0.0000000e+000
 0.0000000e+000
 0.0000000e+000
 0.0000000e+000
 0.0000000e+000
 0.0000000e+000
 0.0000000e+000
 0.0000000e+000
 0.0000000e+000
 0.0000000e+000
 0.0000000e+000
 0.0000000e+000
 0.0000000e+000
 0.0000000e+000
 0.0000000e+000
 0.0000000e+000
 0.0000000e+000
 0.0000000e+000
 0.0000000e+000
 0.0000000e+000
 0.0000000e+000
 0.0000000e+000
 0.0000000e+000
 0.0000000e+000
 0.0000000e+000
 0.0000000e+000
 0.0000000e+000
 0.0000000e+000
 0.0000000e+000
 0.0000000e+000
 0.0000000e+000
 0.0000000e+000
 0.0000000e+000
 0.0000000e+000
 0.0000000e+000
 0.0000000e+000
 0.0000000e+000
 0.0000000e+000
 0.0000000e+000
 0.0000000e+000
 0.0000000e+000
 0.0000000e+000
 0.0000000e+000
 0.0000000e+000
 0.0000000e+000
 0.0000000e+000
 0.0000000e+000
 0.0000000e+000
 0.0000000e+000
 0.0000000e+000
 0.0000000e+000
 0.0000000e+000
 0.0000000e+000
 0.0000000e+000
 0.0000000e+000
 0.0000000e+000
 0.0000000e+000
 0.0000000e+000
 0.0000000e+000
 0.0000000e+000
 0.0000000e+000
 0.0000000e+000
 0.0000000e+000
 0.0000000e+000
 0.0000000e+000
 0.0000000e+000
 0.0000000e+000
 0.0000000e+000
 0.0000000e+000
 0.0000000e+000
 0.0000000e+000
 0.0000000e+000
 0.0000000e+000
 0.0000000e+000
 0.0000000e+000
 0.0000000e+000
 0.0000000e+000
 0.0000000e+000
 0.0000000e+000
 0.0000000e+000
 0.0000000e+000
 0.0000000e+000
 0.0000000e+000
 0.0000000e+000
 0.0000000e+000
 0.0000000e+000
 0.0000000e+000
 0.0000000e+000
 0.0000000e+000
 0.0000000e+000
 0.0000000e+000
 0.0000000e+000
 0.0000000e+000
 0.0000000e+000
 0.0000000e+000
 0.0000000e+000
 0.0000000e+000
 0.0000000e+000
 0.0000000e+000
 0.0000000e+000
 0.0000000e+000
 0.0000000e+000
 0.0000000e+000
 0.0000000e+000
 0.0000000e+000
 0.0000000e+000
 0.0000000e+000
 0.0000000e+000
 0.0000000e+000
 0.0000000e+000
 0.0000000e+000
 0.0000000e+000
 0.0000000e+000
 0.0000000e+000
 0.0000000e+000
 0.0000000e+000
 0.0000000e+000
 0.0000000e+000
 0.0000000e+000
 0.0000000e+000
 0.0000000e+000
 0.0000000e+000
 0.0000000e+000
 0.0000000e+000
 0.0000000e+000
 0.0000000e+000
 0.0000000e+000
 0.0000000e+000
 0.0000000e+000
 0.0000000e+000
 0.0000000e+000
 0.0000000e+000
 0.0000000e+000
 0.0000000e+000
 0.0000000e+000
 0.0000000e+000
 0.0000000e+000
 0.0000000e+000
 0.0000000e+000
 0.0000000e+000
 0.0000000e+000
 0.0000000e+000
 0.0000000e+000
 0.0000000e+000
 0.0000000e+000
 0.0000000e+000
 0.0000000e+000
 0.0000000e+000
 0.0000000e+000
 0.0000000e+000
 0.0000000e+000
 0.0000000e+000
 0.0000000e+000
 0.0000000e+000
 0.0000000e+000
 0.0000000e+000
 0.0000000e+000
 0.0000000e+000
 0.0000000e+000
 0.0000000e+000
 0.0000000e+000
 0.0000000e+000
 0.0000000e+000
 0.0000000e+000
 0.0000000e+000
 0.0000000e+000
 0.0000000e+000
 0.0000000e+000
 0.0000000e+000
 0.0000000e+000
 0.0000000e+000
 0.0000000e+000
 0.0000000e+000
 0.0000000e+000
 0.0000000e+000
 0.0000000e+000
 0.0000000e+000
 0.0000000e+000
 0.0000000e+000
 0.0000000e+000
 0.0000000e+000
 0.0000000e+000
 0.0000000e+000
 0.0000000e+000
 0.0000000e+000
 0.0000000e+000
 0.0000000e+000
 0.0000000e+000
 0.0000000e+000
 0.0000000e+000
 0.0000000e+000
 0.0000000e+000
 0.0000000e+000
 0.0000000e+000
 0.0000000e+000
 0.0000000e+000
 0.0000000e+000
 0.0000000e+000
 0.0000000e+000
 0.0000000e+000
 0.0000000e+000
 0.0000000e+000
 0.0000000e+000
 0.0000000e+000
 0.0000000e+000
 0.0000000e+000
 0.0000000e+000
 0.0000000e+000
 0.0000000e+000
 0.0000000e+000
 0.0000000e+000
 0.0000000e+000
 0.0000000e+000
 0.0000000e+000
 0.0000000e+000
 0.0000000e+000
 0.0000000e+000
 0.0000000e+000
 0.0000000e+000
 0.0000000e+000
 0.0000000e+000
 0.0000000e+000
 0.0000000e+000
 0.0000000e+000
 0.0000000e+000
 0.0000000e+000
 0.0000000e+000
 0.0000000e+000
 0.0000000e+000
 0.0000000e+000
 0.0000000e+000
 0.0000000e+000
 0.0000000e+000
 0.0000000e+000
 0.0000000e+000
 0.0000000e+000
 0.0000000e+000
 0.0000000e+000
 0.0000000e+000
 0.0000000e+000
 0.0000000e+000
 0.0000000e+000
 0.0000000e+000
 0.0000000e+000
 0.0000000e+000
 0.0000000e+000
 0.0000000e+000
 0.0000000e+000
 0.0000000e+000
 0.0000000e+000
 0.0000000e+000
 0.0000000e+000
 0.0000000e+000
 0.0000000e+000
 0.0000000e+000
 0.0000000e+000
 0.0000000e+000
 0.0000000e+000
 0.0000000e+000
 0.0000000e+000
 0.0000000e+000
 0.0000000e+000
 0.0000000e+000
 0.0000000e+000
 0.0000000e+000
 0.0000000e+000
 0.0000000e+000
 0.0000000e+000
 0.0000000e+000
 0.0000000e+000
 0.0000000e+000
 0.0000000e+000
 0.0000000e+000
 0.0000000e+000
 0.0000000e+000
 0.0000000e+000
 0.0000000e+000
 0.0000000e+000
 0.0000000e+000
 0.0000000e+000
 0.0000000e+000
 0.0000000e+000
 0.0000000e+000
 0.0000000e+000
 0.0000000e+000
 0.0000000e+000
 0.0000000e+000
 0.0000000e+000
 0.0000000e+000
 0.0000000e+000
 0.0000000e+000
 0.0000000e+000
 0.0000000e+000
 0.0000000e+000
 0.0000000e+000
 0.0000000e+000
 0.0000000e+000
 0.0000000e+000
 0.0000000e+000
 0.0000000e+000
 0.0000000e+000
 0.0000000e+000
 0.0000000e+000
 0.0000000e+000
 0.0000000e+000
 0.0000000e+000
 0.0000000e+000
 0.0000000e+000
 0.0000000e+000
 0.0000000e+000
 0.0000000e+000
 0.0000000e+000
 0.0000000e+000
 0.0000000e+000
 0.0000000e+000
 0.0000000e+000
 0.0000000e+000
 0.0000000e+000
 0.0000000e+000
 0.0000000e+000
 0.0000000e+000
 0.0000000e+000
 0.0000000e+000
 0.0000000e+000
 0.0000000e+000
 0.0000000e+000
 0.0000000e+000
 0.0000000e+000
 0.0000000e+000
 0.0000000e+000
 0.0000000e+000
 0.0000000e+000
 0.0000000e+000
 0.0000000e+000
 0.0000000e+000
 0.0000000e+000
 0.0000000e+000
 0.0000000e+000
 0.0000000e+000
 0.0000000e+000
 0.0000000e+000
 0.0000000e+000
 0.0000000e+000
 0.0000000e+000
 0.0000000e+000
 0.0000000e+000
 0.0000000e+000
 0.0000000e+000
 0.0000000e+000
 0.0000000e+000
 0.0000000e+000
 0.0000000e+000
 0.0000000e+000
 0.0000000e+000
 0.0000000e+000
 0.0000000e+000
 0.0000000e+000
 0.0000000e+000
 0.0000000e+000
 0.0000000e+000
 0.0000000e+000
 0.0000000e+000
 0.0000000e+000
 0.0000000e+000
 0.0000000e+000
 0.0000000e+000
 0.0000000e+000
 0.0000000e+000
 0.0000000e+000
 0.0000000e+000
 0.0000000e+000
 0.0000000e+000
 0.0000000e+000
 0.0000000e+000
 0.0000000e+000
 0.0000000e+000
 0.0000000e+000
 0.0000000e+000
 0.0000000e+000
 0.0000000e+000
 0.0000000e+000
 0.0000000e+000
 0.0000000e+000
 0.0000000e+000
 0.0000000e+000
 0.0000000e+000
 0.0000000e+000
 0.0000000e+000
 0.0000000e+000
 0.0000000e+000
 0.0000000e+000
 0.0000000e+000
 0.0000000e+000
 0.0000000e+000
 0.0000000e+000
 0.0000000e+000
 0.0000000e+000
 0.0000000e+000
 0.0000000e+000
 0.0000000e+000
 0.0000000e+000
 0.0000000e+000
 0.0000000e+000
 0.0000000e+000
 0.0000000e+000
 0.0000000e+000
 0.0000000e+000
 0.0000000e+000
 0.0000000e+000
 0.0000000e+000
 0.0000000e+000
 0.0000000e+000
 0.0000000e+000
 0.0000000e+000
 0.0000000e+000
 0.0000000e+000
 0.0000000e+000
 0.0000000e+000
 0.0000000e+000
 0.0000000e+000
 0.0000000e+000
 0.0000000e+000
 0.0000000e+000
 0.0000000e+000
 0.0000000e+000
 0.0000000e+000
 0.0000000e+000
 0.0000000e+000
 0.0000000e+000
 0.0000000e+000
 0.0000000e+000
 0.0000000e+000
 0.0000000e+000
 0.0000000e+000
 0.0000000e+000
 0.0000000e+000
 0.0000000e+000
 0.0000000e+000
 0.0000000e+000
 0.0000000e+000
 0.0000000e+000
 0.0000000e+000
 0.0000000e+000
 0.0000000e+000
 0.0000000e+000
 0.0000000e+000
 0.0000000e+000
 0.0000000e+000
 0.0000000e+000
 0.0000000e+000
 0.0000000e+000
 0.0000000e+000
 0.0000000e+000
 0.0000000e+000
 0.0000000e+000
 0.0000000e+000
 0.0000000e+000
 0.0000000e+000
 0.0000000e+000
 0.0000000e+000
 0.0000000e+000
 0.0000000e+000
 0.0000000e+000
 0.0000000e+000
 0.0000000e+000
 0.0000000e+000
 0.0000000e+000
 0.0000000e+000
 0.0000000e+000
 0.0000000e+000
 0.0000000e+000
 0.0000000e+000
 0.0000000e+000
 0.0000000e+000
 0.0000000e+000
 0.0000000e+000
 0.0000000e+000
 0.0000000e+000
 0.0000000e+000
 0.0000000e+000
 0.0000000e+000
 0.0000000e+000
 0.0000000e+000
 0.0000000e+000
 0.0000000e+000
 0.0000000e+000
 0.0000000e+000
 0.0000000e+000
 0.0000000e+000
 0.0000000e+000
 0.0000000e+000
 0.0000000e+000
 0.0000000e+000
 0.0000000e+000
 0.0000000e+000
 0.0000000e+000
 0.0000000e+000
 0.0000000e+000
 0.0000000e+000
 0.0000000e+000
 0.0000000e+000
 0.0000000e+000
 0.0000000e+000
 0.0000000e+000
 0.0000000e+000
 0.0000000e+000
 0.0000000e+000
 0.0000000e+000
 0.0000000e+000
 0.0000000e+000
 0.0000000e+000
 0.0000000e+000
 0.0000000e+000
 0.0000000e+000
 0.0000000e+000
 0.0000000e+000
 0.0000000e+000
 0.0000000e+000
 0.0000000e+000
 0.0000000e+000
 0.0000000e+000
 0.0000000e+000
 0.0000000e+000
 0.0000000e+000
 0.0000000e+000
 0.0000000e+000
 0.0000000e+000
 0.0000000e+000
 0.0000000e+000
 0.0000000e+000
 0.0000000e+000
 0.0000000e+000
 0.0000000e+000
 0.0000000e+000
 0.0000000e+000
 0.0000000e+000
 0.0000000e+000
 0.0000000e+000
 0.0000000e+000
 0.0000000e+000
 0.0000000e+000
 0.0000000e+000
 0.0000000e+000
 0.0000000e+000
 0.0000000e+000
 0.0000000e+000
 0.0000000e+000
 0.0000000e+000
 0.0000000e+000
 0.0000000e+000
 0.0000000e+000
 0.0000000e+000
 0.0000000e+000
 0.0000000e+000
 0.0000000e+000
 0.0000000e+000
 0.0000000e+000
 0.0000000e+000
 0.0000000e+000
 0.0000000e+000
 0.0000000e+000
 0.0000000e+000
 0.0000000e+000
 0.0000000e+000
 0.0000000e+000
 0.0000000e+000
 0.0000000e+000
 0.0000000e+000
 0.0000000e+000
 0.0000000e+000
 0.0000000e+000
 0.0000000e+000
 0.0000000e+000
 0.0000000e+000
 0.0000000e+000
 0.0000000e+000
 0.0000000e+000
 0.0000000e+000
 0.0000000e+000
 0.0000000e+000
 0.0000000e+000
 0.0000000e+000
 0.0000000e+000
 0.0000000e+000
 0.0000000e+000
 0.0000000e+000
 0.0000000e+000
 0.0000000e+000
 0.0000000e+000
 0.0000000e+000
 0.0000000e+000
 0.0000000e+000
 0.0000000e+000
 0.0000000e+000
 0.0000000e+000
 0.0000000e+000
 0.0000000e+000
 0.0000000e+000
 0.0000000e+000
 0.0000000e+000
 0.0000000e+000
 0.0000000e+000
 0.0000000e+000
 0.0000000e+000
 0.0000000e+000
 0.0000000e+000
 0.0000000e+000
 0.0000000e+000
 0.0000000e+000
 0.0000000e+000
 0.0000000e+000
 0.0000000e+000
 0.0000000e+000
 0.0000000e+000
 0.0000000e+000
 0.0000000e+000
 0.0000000e+000
 0.0000000e+000
 0.0000000e+000
 0.0000000e+000
 0.0000000e+000
 0.0000000e+000
 0.0000000e+000
 0.0000000e+000
 0.0000000e+000
 0.0000000e+000
 0.0000000e+000
 0.0000000e+000
 0.0000000e+000
 0.0000000e+000
 0.0000000e+000
 0.0000000e+000
 0.0000000e+000
 0.0000000e+000
 0.0000000e+000
 0.0000000e+000
 0.0000000e+000
 0.0000000e+000
 0.0000000e+000
 0.0000000e+000
 0.0000000e+000
 0.0000000e+000
 0.0000000e+000
 0.0000000e+000
 0.0000000e+000
 0.0000000e+000
 0.0000000e+000
 0.0000000e+000
 0.0000000e+000
 0.0000000e+000
 0.0000000e+000
 0.0000000e+000
 0.0000000e+000
 0.0000000e+000
 0.0000000e+000
 0.0000000e+000
 0.0000000e+000
 0.0000000e+000
 0.0000000e+000
 0.0000000e+000
 0.0000000e+000
 0.0000000e+000
 0.0000000e+000
 0.0000000e+000
 0.0000000e+000
 0.0000000e+000
 0.0000000e+000
 0.0000000e+000
 0.0000000e+000
 0.0000000e+000
 0.0000000e+000
 0.0000000e+000
 0.0000000e+000
 0.0000000e+000
 0.0000000e+000
 0.0000000e+000
 0.0000000e+000
 0.0000000e+000
 0.0000000e+000
 0.0000000e+000
 0.0000000e+000
 0.0000000e+000
 0.0000000e+000
 0.0000000e+000
 0.0000000e+000
 0.0000000e+000
 0.0000000e+000
 0.0000000e+000
 0.0000000e+000
 0.0000000e+000
 0.0000000e+000
 0.0000000e+000
 0.0000000e+000
 0.0000000e+000
 0.0000000e+000
 0.0000000e+000
 0.0000000e+000
 0.0000000e+000
 0.0000000e+000
 0.0000000e+000
 0.0000000e+000
 0.0000000e+000
 0.0000000e+000
 0.0000000e+000
 0.0000000e+000
 0.0000000e+000
 0.0000000e+000
 0.0000000e+000
 0.0000000e+000
 0.0000000e+000
 0.0000000e+000
 0.0000000e+000
 0.0000000e+000
 0.0000000e+000
 0.0000000e+000
 0.0000000e+000
 0.0000000e+000
 0.0000000e+000
 0.0000000e+000
 0.0000000e+000
 0.0000000e+000
 0.0000000e+000
 0.0000000e+000
 0.0000000e+000
 0.0000000e+000
 0.0000000e+000
 0.0000000e+000
 0.0000000e+000
 0.0000000e+000
 0.0000000e+000
 0.0000000e+000
 0.0000000e+000
 0.0000000e+000
 0.0000000e+000
 0.0000000e+000
 0.0000000e+000
 0.0000000e+000
 0.0000000e+000
 0.0000000e+000
 0.0000000e+000
 0.0000000e+000
 0.0000000e+000
 0.0000000e+000
 0.0000000e+000
 0.0000000e+000
 0.0000000e+000
 0.0000000e+000
 0.0000000e+000
 0.0000000e+000
 0.0000000e+000
 0.0000000e+000
 0.0000000e+000
 0.0000000e+000
 0.0000000e+000
 0.0000000e+000
 0.0000000e+000
 0.0000000e+000
 0.0000000e+000
 0.0000000e+000
 0.0000000e+000
 0.0000000e+000
 0.0000000e+000
 0.0000000e+000
 0.0000000e+000
 0.0000000e+000
 0.0000000e+000
 0.0000000e+000
 0.0000000e+000
 0.0000000e+000
 0.0000000e+000
 0.0000000e+000
 0.0000000e+000
 0.0000000e+000
 0.0000000e+000
 0.0000000e+000
 0.0000000e+000
 0.0000000e+000
 0.0000000e+000
 0.0000000e+000
 0.0000000e+000
 0.0000000e+000
 0.0000000e+000
 0.0000000e+000
 0.0000000e+000
 0.0000000e+000
 0.0000000e+000
 0.0000000e+000
 0.0000000e+000
 0.0000000e+000
 0.0000000e+000
 0.0000000e+000
 0.0000000e+000
 0.0000000e+000
 0.0000000e+000
 0.0000000e+000
 0.0000000e+000
 0.0000000e+000
 0.0000000e+000
 0.0000000e+000
 0.0000000e+000
 0.0000000e+000
 0.0000000e+000
 0.0000000e+000
 0.0000000e+000
 0.0000000e+000
 0.0000000e+000
 0.0000000e+000
 0.0000000e+000
 0.0000000e+000
 0.0000000e+000
 0.0000000e+000
 0.0000000e+000
 0.0000000e+000
 0.0000000e+000
 0.0000000e+000
 0.0000000e+000
 0.0000000e+000
 0.0000000e+000
 0.0000000e+000
 0.0000000e+000
 0.0000000e+000
 0.0000000e+000
 0.0000000e+000
 0.0000000e+000
 0.0000000e+000
 0.0000000e+000
 0.0000000e+000
 0.0000000e+000
 0.0000000e+000
 0.0000000e+000
 0.0000000e+000
 0.0000000e+000
 0.0000000e+000
 0.0000000e+000
 0.0000000e+000
 0.0000000e+000
 0.0000000e+000
 0.0000000e+000
 0.0000000e+000
 0.0000000e+000
 0.0000000e+000
 0.0000000e+000
 0.0000000e+000
 0.0000000e+000
 0.0000000e+000
 0.0000000e+000
 0.0000000e+000
 0.0000000e+000
 0.0000000e+000
 0.0000000e+000
 0.0000000e+000
 0.0000000e+000
 0.0000000e+000
 0.0000000e+000
 0.0000000e+000
 0.0000000e+000
 0.0000000e+000
 0.0000000e+000
 0.0000000e+000
 0.0000000e+000
 0.0000000e+000
 0.0000000e+000
 0.0000000e+000
 0.0000000e+000
 0.0000000e+000
 0.0000000e+000
 0.0000000e+000
 0.0000000e+000
 0.0000000e+000
 0.0000000e+000
 0.0000000e+000
 0.0000000e+000
 0.0000000e+000
 0.0000000e+000
 0.0000000e+000
 0.0000000e+000
 0.0000000e+000
 0.0000000e+000
 0.0000000e+000
 0.0000000e+000
 0.0000000e+000
 0.0000000e+000
 0.0000000e+000
 0.0000000e+000
 0.0000000e+000
 0.0000000e+000
 0.0000000e+000
 0.0000000e+000
 0.0000000e+000
 0.0000000e+000
 0.0000000e+000
 0.0000000e+000
 0.0000000e+000
 0.0000000e+000
 0.0000000e+000
 0.0000000e+000
 0.0000000e+000
 0.0000000e+000
 0.0000000e+000
 0.0000000e+000
 0.0000000e+000
 0.0000000e+000
 0.0000000e+000
 0.0000000e+000
 0.0000000e+000
 0.0000000e+000
 0.0000000e+000
 0.0000000e+000
 0.0000000e+000
 0.0000000e+000
 0.0000000e+000
 0.0000000e+000
 0.0000000e+000
 0.0000000e+000
 0.0000000e+000
 0.0000000e+000
 0.0000000e+000
 0.0000000e+000
 0.0000000e+000
 0.0000000e+000
 0.0000000e+000
 0.0000000e+000
 0.0000000e+000
 0.0000000e+000
 0.0000000e+000
 0.0000000e+000
 0.0000000e+000
 0.0000000e+000
 0.0000000e+000
 0.0000000e+000
 0.0000000e+000
 0.0000000e+000
 0.0000000e+000
 0.0000000e+000
 0.0000000e+000
 0.0000000e+000
 0.0000000e+000
 0.0000000e+000
 0.0000000e+000
 0.0000000e+000
 0.0000000e+000
 0.0000000e+000
 0.0000000e+000
 0.0000000e+000
 0.0000000e+000
 0.0000000e+000
 0.0000000e+000
 0.0000000e+000
 0.0000000e+000
 0.0000000e+000
 0.0000000e+000
 0.0000000e+000
 0.0000000e+000
 0.0000000e+000
 0.0000000e+000
 0.0000000e+000
 0.0000000e+000
 0.0000000e+000
 0.0000000e+000
 0.0000000e+000
 0.0000000e+000
 0.0000000e+000
 0.0000000e+000
 0.0000000e+000
 0.0000000e+000
 0.0000000e+000
 0.0000000e+000
 0.0000000e+000
 0.0000000e+000
 0.0000000e+000
 0.0000000e+000
 0.0000000e+000
 0.0000000e+000
 0.0000000e+000
 0.0000000e+000
 0.0000000e+000
 0.0000000e+000
 0.0000000e+000
 0.0000000e+000
 0.0000000e+000
 0.0000000e+000
 0.0000000e+000
 0.0000000e+000
 0.0000000e+000
 0.0000000e+000
 0.0000000e+000
 0.0000000e+000
 0.0000000e+000
 0.0000000e+000
 0.0000000e+000
 0.0000000e+000
 0.0000000e+000
 0.0000000e+000
 0.0000000e+000
 0.0000000e+000
 0.0000000e+000
 0.0000000e+000
 0.0000000e+000
 0.0000000e+000
 0.0000000e+000
 0.0000000e+000
 0.0000000e+000
 0.0000000e+000
 0.0000000e+000
 0.0000000e+000
 0.0000000e+000
 0.0000000e+000
 0.0000000e+000
 0.0000000e+000
 0.0000000e+000
 0.0000000e+000
 0.0000000e+000
 0.0000000e+000
 0.0000000e+000
 0.0000000e+000
 0.0000000e+000
 0.0000000e+000
 0.0000000e+000
 0.0000000e+000
 0.0000000e+000
 0.0000000e+000
 0.0000000e+000
 0.0000000e+000
 0.0000000e+000
 0.0000000e+000
 0.0000000e+000
 0.0000000e+000
 0.0000000e+000
 0.0000000e+000
 0.0000000e+000
 0.0000000e+000
 0.0000000e+000
 0.0000000e+000
 0.0000000e+000
 0.0000000e+000
 0.0000000e+000
 0.0000000e+000
 0.0000000e+000
 0.0000000e+000
 0.0000000e+000
 0.0000000e+000
 0.0000000e+000
 0.0000000e+000
 0.0000000e+000
 0.0000000e+000
 0.0000000e+000
 0.0000000e+000
 0.0000000e+000
 0.0000000e+000
 0.0000000e+000
 0.0000000e+000
 0.0000000e+000
 0.0000000e+000
 0.0000000e+000
 0.0000000e+000
 0.0000000e+000
 0.0000000e+000
 0.0000000e+000
 0.0000000e+000
 0.0000000e+000
 0.0000000e+000
 0.0000000e+000
 0.0000000e+000
 0.0000000e+000
 0.0000000e+000
 0.0000000e+000
 0.0000000e+000
 0.0000000e+000
 0.0000000e+000
 0.0000000e+000
 0.0000000e+000
 0.0000000e+000
 0.0000000e+000
 0.0000000e+000
 0.0000000e+000
 0.0000000e+000
 0.0000000e+000
 0.0000000e+000
 0.0000000e+000
 0.0000000e+000
 0.0000000e+000
 0.0000000e+000
 0.0000000e+000
 0.0000000e+000
 0.0000000e+000
 0.0000000e+000
 0.0000000e+000
 0.0000000e+000
 0.0000000e+000
 0.0000000e+000
 0.0000000e+000
 0.0000000e+000
 0.0000000e+000
 0.0000000e+000
 0.0000000e+000
 0.0000000e+000
 0.0000000e+000
 0.0000000e+000
 0.0000000e+000
 0.0000000e+000
 0.0000000e+000
 0.0000000e+000
 0.0000000e+000
 0.0000000e+000
 0.0000000e+000
 0.0000000e+000
 0.0000000e+000
 0.0000000e+000
 0.0000000e+000
 0.0000000e+000
 0.0000000e+000
 0.0000000e+000
 0.0000000e+000
 0.0000000e+000
 0.0000000e+000
 0.0000000e+000
 0.0000000e+000
 0.0000000e+000
 0.0000000e+000
 0.0000000e+000
 0.0000000e+000
 0.0000000e+000
 0.0000000e+000
 0.0000000e+000
 0.0000000e+000
 0.0000000e+000
 0.0000000e+000
 0.0000000e+000
 0.0000000e+000
 0.0000000e+000
 0.0000000e+000
 0.0000000e+000
 0.0000000e+000
 0.0000000e+000
 0.0000000e+000
 0.0000000e+000
 0.0000000e+000
 0.0000000e+000
 0.0000000e+000
 0.0000000e+000
 0.0000000e+000
 0.0000000e+000
 0.0000000e+000
 0.0000000e+000
 0.0000000e+000
 0.0000000e+000
 0.0000000e+000
