 S07WV3 Record=55: SRF Band 6 WorldView3 RedEdge           
 1.7300000e-009
 2.5900000e-009
 2.5500000e-009
 1.4600000e-009
 1.6000000e-009
 1.9699999e-009
 1.4000000e-009
 1.5100000e-009
 6.5900002e-010
 1.3900000e-009
 7.7099999e-010
 1.2800000e-009
 2.1300000e-009
 1.3500000e-009
 8.9699997e-010
 1.0300000e-009
 3.5900000e-010
 4.7600002e-010
 3.0899999e-010
 4.7400001e-010
 2.0300001e-010
 6.5299999e-010
 1.3900000e-009
 2.9100000e-009
 7.3300002e-009
 5.0600000e-009
 4.7299999e-009
 8.5999998e-009
 1.0500000e-008
 6.8400001e-009
 1.6100000e-009
 6.8700001e-009
 7.4400002e-009
 2.6400000e-008
 6.5999998e-008
 6.7400002e-008
 4.0900002e-008
 2.2700000e-008
 2.2200000e-008
 2.7300000e-008
 2.6200000e-008
 1.6600000e-008
 8.5499998e-009
 2.8600000e-009
 6.6799998e-008
 2.1800000e-007
 3.2599999e-007
 1.9399999e-007
 6.9599999e-008
 3.8700001e-008
 5.5000001e-008
 5.5699999e-008
 5.7400001e-008
 2.0600000e-008
 2.4300000e-008
 1.9100000e-008
 1.2700000e-008
 2.4100000e-009
 9.8399999e-009
 6.0399998e-008
 2.5300000e-007
 4.4900000e-007
 3.4000001e-007
 1.0700000e-007
 2.6200000e-008
 2.4700000e-008
 9.1499999e-009
 7.4200002e-009
 7.5499997e-009
 1.3200000e-009
 3.2299999e-011
 4.0100002e-008
 2.8100001e-008
 2.6000000e-008
 4.3499998e-008
 8.6299998e-008
 5.8400001e-008
 4.5899998e-008
 1.9400000e-008
 1.8000000e-008
 9.7599999e-009
 2.0700000e-008
 1.0100000e-008
 2.1900000e-008
 1.1900000e-008
 1.6900000e-008
 2.4600000e-008
 6.0300003e-008
 5.9400001e-008
 4.0100002e-008
 1.6800000e-008
 3.2999999e-008
 1.7300000e-008
 2.5300000e-008
 6.7000002e-008
 2.0600000e-007
 3.1299999e-007
 1.7600000e-007
 6.1800002e-008
 5.7000001e-008
 4.2700002e-008
 4.8699999e-008
 3.9200000e-008
 1.0300000e-007
 3.9800000e-007
 1.0000000e-006
 1.6400001e-006
 1.5000001e-006
 8.6400001e-007
 4.1199999e-007
 5.6200003e-007
 1.5500000e-006
 2.8100001e-006
 2.9800001e-006
 2.1799999e-006
 1.2400000e-006
 5.7099999e-007
 2.6300000e-007
 2.1800000e-007
 3.7300001e-007
 5.9700000e-007
 5.2000001e-007
 2.3699999e-007
 7.9599999e-008
 2.2900000e-008
 8.6499998e-009
 3.9900000e-010
 1.5500000e-008
 6.7000000e-010
 1.4300000e-009
 1.6200000e-009
 4.5599999e-009
 1.4100000e-009
 1.2000000e-008
 6.7500001e-009
 3.6799999e-008
 1.6900000e-008
 1.1000000e-008
 6.0900001e-009
 4.9400000e-009
 1.0600000e-008
 2.3000000e-009
 7.1599997e-011
 5.6899999e-011
 7.2300002e-009
 5.6899999e-011
 2.5300000e-008
 2.2200000e-008
 6.6700001e-009
 9.9999999e-009
 1.1400000e-010
 5.1000000e-009
 5.0500000e-009
 4.1600000e-008
 5.9000001e-008
 1.7500000e-008
 9.3499999e-009
 1.2800000e-008
 7.0400001e-009
 3.5200001e-010
 1.0300000e-008
 3.4500001e-008
 3.9799999e-009
 3.8800000e-008
 2.5300000e-008
 2.7300000e-008
 2.5800000e-009
 8.2299998e-009
 4.4000000e-008
 4.2699999e-009
 3.8000000e-008
 1.6300000e-008
 1.2800000e-008
 8.9099998e-011
 6.9700001e-010
 1.3400000e-008
 7.7400003e-008
 3.1299999e-007
 1.0300000e-006
 1.4200000e-006
 1.0500000e-006
 4.1400000e-007
 1.3099999e-007
 1.2700001e-007
 1.9900000e-007
 9.8800001e-007
 1.8900000e-006
 1.6200000e-006
 5.2899998e-007
 4.2300002e-008
 3.5399999e-008
 3.4500001e-008
 1.9800000e-008
 5.6099999e-008
 1.8800000e-007
 2.9200001e-007
 1.5200000e-007
 4.5000000e-008
 1.3700000e-008
 1.6500000e-008
 4.0900002e-008
 1.8100000e-009
 1.4600000e-008
 1.7200000e-008
 1.0300000e-010
 7.3700002e-010
 3.0000000e-009
 4.7299997e-010
 7.5799997e-009
 3.2599999e-008
 1.2000000e-008
 3.5900001e-009
 2.4500000e-008
 3.3500001e-008
 5.8700000e-008
 2.0700000e-008
 1.2400000e-008
 7.5700002e-010
 8.7999998e-009
 2.9400001e-008
 1.4500000e-008
 1.7100000e-009
 8.2999998e-009
 1.0300000e-008
 4.7600000e-008
 2.0600000e-008
 2.9500000e-009
 1.3100000e-008
 2.8200001e-010
 1.0200000e-009
 3.6100001e-010
 1.5000000e-009
 5.9800001e-009
 1.1600000e-008
 6.8500000e-008
 8.7799997e-008
 6.1300001e-009
 8.6499998e-009
 2.0800000e-008
 1.8200000e-008
 1.6400000e-008
 2.3200000e-008
 3.5999999e-008
 1.9500000e-008
 5.5300000e-009
 1.0300000e-008
 5.3900000e-009
 2.0200000e-008
 3.2300001e-008
 1.3700000e-008
 6.2900002e-010
 9.3199999e-009
 3.3199999e-008
 2.9000001e-008
 8.3299998e-009
 2.9200001e-008
 1.9100000e-008
 2.4900000e-008
 9.8799999e-009
 3.5399999e-008
 2.2500000e-008
 1.0500000e-008
 1.2500000e-010
 2.5400000e-009
 2.3100000e-008
 5.4699999e-008
 3.8600000e-008
 4.5499998e-008
 4.6299999e-008
 4.2099999e-009
 4.7099999e-009
 2.1200000e-008
 3.1399999e-008
 2.1200000e-008
 1.1100000e-008
 3.2500001e-008
 4.8400000e-008
 1.4900000e-008
 1.3600000e-008
 1.0800000e-008
 2.0700000e-008
 2.7900001e-008
 3.3100001e-008
 4.4099998e-008
 1.5199999e-008
 1.2600000e-008
 2.2100000e-008
 6.0600001e-008
 3.9700002e-008
 3.3700001e-008
 2.1400000e-008
 1.9600000e-008
 3.0199999e-008
 1.5800000e-008
 1.0500000e-008
 1.3400000e-008
 3.1900001e-008
 8.6100002e-008
 1.1600000e-007
 5.0299999e-008
 2.6000000e-008
 7.7199999e-008
 9.0000000e-008
 1.0100000e-007
 9.6999997e-008
 1.2700001e-007
 1.8300000e-007
 2.0700000e-007
 2.6800001e-007
 3.5100001e-007
 4.3200001e-007
 5.2700000e-007
 6.2900000e-007
 7.8300002e-007
 9.9500005e-007
 1.2100001e-006
 1.4800000e-006
 1.8100000e-006
 2.2300001e-006
 2.7399999e-006
 3.3399999e-006
 4.1399999e-006
 5.1799998e-006
 6.5200002e-006
 8.3400000e-006
 1.0700000e-005
 1.4000000e-005
 1.8500001e-005
 2.4999999e-005
 3.4000001e-005
 4.6300000e-005
 6.3799998e-005
 8.8399996e-005
 1.2300001e-004
 1.6900001e-004
 2.3500000e-004
 3.2399999e-004
 4.4999999e-004
 6.2700000e-004
 8.7300001e-004
 1.2300001e-003
 1.7580000e-003
 2.5390000e-003
 3.7650000e-003
 5.6810002e-003
 8.7980004e-003
 1.3920000e-002
 2.2400999e-002
 4.2771000e-002
 6.9908999e-002
 1.1104600e-001
 1.7552701e-001
 2.6733500e-001
 3.8067201e-001
 5.1855201e-001
 6.4778501e-001
 7.6760697e-001
 8.6087000e-001
 9.2431903e-001
 9.6616799e-001
 9.8420697e-001
 9.9333900e-001
 9.9343598e-001
 9.9200499e-001
 9.8897398e-001
 9.8657501e-001
 9.8447901e-001
 9.8258603e-001
 9.8132199e-001
 9.8062599e-001
 9.8013699e-001
 9.8039901e-001
 9.8144501e-001
 9.8260599e-001
 9.8388797e-001
 9.8597801e-001
 9.8892498e-001
 9.9143100e-001
 9.9358100e-001
 9.9550700e-001
 9.9711800e-001
 9.9858898e-001
 1.0000000e+000
 9.9970597e-001
 9.9772900e-001
 9.9043798e-001
 9.7889203e-001
 9.5373797e-001
 9.1678399e-001
 8.5741198e-001
 7.7938902e-001
 6.7716801e-001
 5.5531198e-001
 4.3465200e-001
 3.1472200e-001
 2.2130699e-001
 1.4879701e-001
 9.8916002e-002
 6.6509001e-002
 4.4925999e-002
 2.9255999e-002
 2.0298000e-002
 1.4336000e-002
 1.0305000e-002
 7.4890000e-003
 5.4910001e-003
 4.0710000e-003
 3.0420001e-003
 2.2970000e-003
 1.7340000e-003
 1.3100000e-003
 1.0180000e-003
 8.0200000e-004
 6.2100001e-004
 4.8399999e-004
 3.8200000e-004
 3.0499999e-004
 2.4500000e-004
 1.9900000e-004
 1.6200000e-004
 1.3299999e-004
 1.1100000e-004
 9.2200004e-005
 7.7199998e-005
 6.4699998e-005
 5.4600001e-005
 4.6100002e-005
 3.9400002e-005
 3.4100001e-005
 2.9200000e-005
 2.4999999e-005
 2.1700000e-005
 1.8799999e-005
 1.6399999e-005
 1.4300000e-005
 1.2500000e-005
 1.1100000e-005
 9.7800003e-006
 8.6000000e-006
 7.3800002e-006
 6.4900000e-006
 5.9300000e-006
 5.2099999e-006
 4.6900000e-006
 4.2900001e-006
 3.8300000e-006
 3.4000000e-006
 3.1300001e-006
 2.7799999e-006
 2.5200000e-006
 2.4100000e-006
 2.3000000e-006
 2.2300001e-006
 1.8600000e-006
 1.7700000e-006
 1.7100000e-006
 1.4900000e-006
 1.5200000e-006
 1.4400000e-006
 1.3000000e-006
 1.2000000e-006
 9.9299996e-007
 1.0200000e-006
 9.2599998e-007
 8.9500003e-007
 8.2399998e-007
 7.4600001e-007
 6.5099999e-007
 5.6900001e-007
 4.2799999e-007
 5.4200001e-007
 6.1800000e-007
 5.7400001e-007
 3.8100001e-007
 2.7600001e-007
 3.7000001e-007
 4.7099999e-007
 4.3099999e-007
 3.7500001e-007
 3.0800001e-007
 3.3100000e-007
 4.0699999e-007
 3.4999999e-007
 4.4100000e-007
 1.4200000e-007
 1.2900000e-007
 1.8800000e-007
 2.0100001e-007
 2.3999999e-007
 2.7100000e-007
 3.6000000e-007
 2.4600001e-007
 2.6199999e-007
 1.8999999e-007
 4.8699999e-008
 8.5200000e-008
 3.1200000e-007
 3.4300001e-007
 7.7499999e-006
 1.0100000e-005
 8.2099996e-006
 8.2200004e-006
 8.5299998e-006
 1.0100000e-005
 6.9100001e-006
 4.3599998e-006
 6.6299999e-006
 7.7699997e-006
 7.0199999e-006
 6.5899999e-006
 5.2099999e-006
 6.0900002e-006
 7.1800000e-006
 7.4899999e-006
 5.4699999e-006
 5.3099998e-006
 7.2299999e-006
 5.1000002e-006
 4.5199999e-006
 5.4200000e-006
 3.4200000e-006
 6.7000001e-006
 5.1500001e-006
 4.6499999e-006
 4.6999999e-006
 5.5099999e-006
 3.5500000e-006
 4.6400000e-006
 4.1799999e-006
 3.6300000e-006
 3.5999999e-006
 3.7600000e-006
 3.2299999e-006
 3.7299999e-006
 3.1800000e-006
 3.4699999e-006
 3.5400001e-006
 4.2400002e-006
 3.4899999e-006
 2.4300000e-006
 1.9300001e-006
 2.3400000e-006
 2.1599999e-006
 2.0299999e-006
 3.0300000e-006
 3.5099999e-006
 2.7500000e-006
 2.9400001e-006
 1.9399999e-006
 2.3099999e-006
 2.3800001e-006
 2.7399999e-006
 2.2199999e-006
 2.9000000e-006
 2.0800001e-006
 1.9600000e-006
 1.8900000e-006
 2.3299999e-006
 2.0600000e-006
 1.8300000e-006
 2.0699999e-006
 1.6900000e-006
 1.4500000e-006
 1.3400000e-006
 1.0900000e-006
 1.4900000e-006
 1.6700000e-006
 1.4300000e-006
 1.4000000e-006
 1.5200000e-006
 1.2700000e-006
 1.0400000e-006
 1.2600000e-006
 1.1800000e-006
 1.2900000e-006
 1.0500000e-006
 1.1900000e-006
 1.2700000e-006
 7.1599999e-007
 1.0600000e-006
 8.2899999e-007
 7.5100002e-007
 7.5499997e-007
 6.5600000e-007
 9.9900001e-007
 6.0500003e-007
 4.1400000e-007
 5.5599997e-007
 7.7700003e-007
 7.2600000e-007
 7.4500002e-007
 5.6699997e-007
 8.0699999e-007
 6.7799999e-007
 7.4600001e-007
 4.8800001e-007
 6.6400003e-007
 5.9500002e-007
 5.0099999e-007
 6.7000002e-007
 7.2400002e-007
 6.0799999e-007
 7.8400001e-007
 6.5299997e-007
 5.5599997e-007
 5.2500002e-007
 5.1500001e-007
 5.5700002e-007
 4.1700000e-007
 3.9599999e-007
 3.1799999e-007
 3.9899999e-007
 3.8900001e-007
 3.2899999e-007
 2.7999999e-007
 3.7600000e-007
 3.7500001e-007
 3.0199999e-007
 4.2299999e-007
 4.0600000e-007
 3.7800001e-007
 3.4600001e-007
 4.0300000e-007
 3.3100000e-007
 4.4199999e-007
 3.3900000e-007
 3.4300001e-007
 4.0099999e-007
 1.6400000e-007
 2.6199999e-007
 3.8400000e-007
 3.9899999e-007
 3.2599999e-007
 3.0900000e-007
 2.3600001e-007
 2.6000001e-007
 3.0300001e-007
 3.0999999e-007
 3.5700000e-007
 2.6800001e-007
 2.6300000e-007
 2.9300000e-007
 1.3000000e-007
 1.6100000e-007
 1.5000001e-007
 3.0300001e-007
 2.9399999e-007
 2.9399999e-007
 2.5099999e-007
 2.6399999e-007
 1.8599999e-007
 2.0900001e-007
 2.9800000e-007
 2.1600000e-007
 1.8000000e-007
 2.7100000e-007
 2.1699999e-007
 1.8100000e-007
 2.0200000e-007
 1.9300001e-007
 2.1200000e-007
 1.6700000e-007
 1.6100000e-007
 1.9900000e-007
 1.3700000e-007
 1.4100000e-007
 1.6700000e-007
 1.2800000e-007
 1.5000001e-007
 1.4100000e-007
 1.4699999e-007
 1.1900000e-007
 2.0600000e-007
 1.6800000e-007
 1.6200001e-007
 1.2100000e-007
 1.8700000e-007
 1.2300001e-007
 1.8400000e-007
 1.8400000e-007
 1.7100000e-007
 1.5600000e-007
 1.5400001e-007
 1.5000001e-007
 9.6400001e-008
 1.3099999e-007
 1.3700000e-007
 1.3400000e-007
 7.8500001e-008
 7.2299997e-008
 1.0200000e-007
 1.2200000e-007
 1.1100000e-007
 7.5599999e-008
 9.3200001e-008
 1.0300000e-007
 9.3099999e-008
 9.6900003e-008
 7.9499998e-008
 8.3499998e-008
 5.3899999e-008
 6.3100003e-008
 8.2100001e-008
 7.7999999e-008
 4.7000000e-008
 5.4099999e-008
 5.1400001e-008
 5.3699999e-008
 7.4200003e-008
 5.0899999e-008
 4.5000000e-008
 4.9600001e-008
 5.5400001e-008
 3.9900002e-008
 4.2000000e-008
 6.0700003e-008
 5.9100000e-008
 5.2899999e-008
 5.4699999e-008
 4.6000000e-008
 3.8000000e-008
 2.9700001e-008
 3.1799999e-008
 3.9100001e-008
 3.4500001e-008
 3.7400000e-008
 3.2599999e-008
 2.6600000e-008
 2.8200001e-008
 2.9900001e-008
 3.0799999e-008
 3.9200000e-008
 3.9200000e-008
 3.4599999e-008
 3.0399999e-008
 2.4900000e-008
 3.5300001e-008
 3.3500001e-008
 2.2500000e-008
 3.3700001e-008
 3.6599999e-008
 3.6799999e-008
 3.7800000e-008
 3.3100001e-008
 2.2100000e-008
 1.9900000e-008
 2.2100000e-008
 2.0600000e-008
 1.5700000e-008
 1.5700000e-008
 1.5700000e-008
 0.0000000e+000
 0.0000000e+000
 0.0000000e+000
 0.0000000e+000
 0.0000000e+000
 0.0000000e+000
 0.0000000e+000
 0.0000000e+000
 0.0000000e+000
 0.0000000e+000
 0.0000000e+000
 0.0000000e+000
 0.0000000e+000
 0.0000000e+000
 0.0000000e+000
 0.0000000e+000
 0.0000000e+000
 0.0000000e+000
 0.0000000e+000
 0.0000000e+000
 0.0000000e+000
 0.0000000e+000
 0.0000000e+000
 0.0000000e+000
 0.0000000e+000
 0.0000000e+000
 0.0000000e+000
 0.0000000e+000
 0.0000000e+000
 0.0000000e+000
 0.0000000e+000
 0.0000000e+000
 0.0000000e+000
 0.0000000e+000
 0.0000000e+000
 0.0000000e+000
 0.0000000e+000
 0.0000000e+000
 0.0000000e+000
 0.0000000e+000
 0.0000000e+000
 0.0000000e+000
 0.0000000e+000
 0.0000000e+000
 0.0000000e+000
 0.0000000e+000
 0.0000000e+000
 0.0000000e+000
 0.0000000e+000
 0.0000000e+000
 0.0000000e+000
 0.0000000e+000
 0.0000000e+000
 0.0000000e+000
 0.0000000e+000
 0.0000000e+000
 0.0000000e+000
 0.0000000e+000
 0.0000000e+000
 0.0000000e+000
 0.0000000e+000
 0.0000000e+000
 0.0000000e+000
 0.0000000e+000
 0.0000000e+000
 0.0000000e+000
 0.0000000e+000
 0.0000000e+000
 0.0000000e+000
 0.0000000e+000
 0.0000000e+000
 0.0000000e+000
 0.0000000e+000
 0.0000000e+000
 0.0000000e+000
 0.0000000e+000
 0.0000000e+000
 0.0000000e+000
 0.0000000e+000
 0.0000000e+000
 0.0000000e+000
 0.0000000e+000
 0.0000000e+000
 0.0000000e+000
 0.0000000e+000
 0.0000000e+000
 0.0000000e+000
 0.0000000e+000
 0.0000000e+000
 0.0000000e+000
 0.0000000e+000
 0.0000000e+000
 0.0000000e+000
 0.0000000e+000
 0.0000000e+000
 0.0000000e+000
 0.0000000e+000
 0.0000000e+000
 0.0000000e+000
 0.0000000e+000
 0.0000000e+000
 0.0000000e+000
 0.0000000e+000
 0.0000000e+000
 0.0000000e+000
 0.0000000e+000
 0.0000000e+000
 0.0000000e+000
 0.0000000e+000
 0.0000000e+000
 0.0000000e+000
 0.0000000e+000
 0.0000000e+000
 0.0000000e+000
 0.0000000e+000
 0.0000000e+000
 0.0000000e+000
 0.0000000e+000
 0.0000000e+000
 0.0000000e+000
 0.0000000e+000
 0.0000000e+000
 0.0000000e+000
 0.0000000e+000
 0.0000000e+000
 0.0000000e+000
 0.0000000e+000
 0.0000000e+000
 0.0000000e+000
 0.0000000e+000
 0.0000000e+000
 0.0000000e+000
 0.0000000e+000
 0.0000000e+000
 0.0000000e+000
 0.0000000e+000
 0.0000000e+000
 0.0000000e+000
 0.0000000e+000
 0.0000000e+000
 0.0000000e+000
 0.0000000e+000
 0.0000000e+000
 0.0000000e+000
 0.0000000e+000
 0.0000000e+000
 0.0000000e+000
 0.0000000e+000
 0.0000000e+000
 0.0000000e+000
 0.0000000e+000
 0.0000000e+000
 0.0000000e+000
 0.0000000e+000
 0.0000000e+000
 0.0000000e+000
 0.0000000e+000
 0.0000000e+000
 0.0000000e+000
 0.0000000e+000
 0.0000000e+000
 0.0000000e+000
 0.0000000e+000
 0.0000000e+000
 0.0000000e+000
 0.0000000e+000
 0.0000000e+000
 0.0000000e+000
 0.0000000e+000
 0.0000000e+000
 0.0000000e+000
 0.0000000e+000
 0.0000000e+000
 0.0000000e+000
 0.0000000e+000
 0.0000000e+000
 0.0000000e+000
 0.0000000e+000
 0.0000000e+000
 0.0000000e+000
 0.0000000e+000
 0.0000000e+000
 0.0000000e+000
 0.0000000e+000
 0.0000000e+000
 0.0000000e+000
 0.0000000e+000
 0.0000000e+000
 0.0000000e+000
 0.0000000e+000
 0.0000000e+000
 0.0000000e+000
 0.0000000e+000
 0.0000000e+000
 0.0000000e+000
 0.0000000e+000
 0.0000000e+000
 0.0000000e+000
 0.0000000e+000
 0.0000000e+000
 0.0000000e+000
 0.0000000e+000
 0.0000000e+000
 0.0000000e+000
 0.0000000e+000
 0.0000000e+000
 0.0000000e+000
 0.0000000e+000
 0.0000000e+000
 0.0000000e+000
 0.0000000e+000
 0.0000000e+000
 0.0000000e+000
 0.0000000e+000
 0.0000000e+000
 0.0000000e+000
 0.0000000e+000
 0.0000000e+000
 0.0000000e+000
 0.0000000e+000
 0.0000000e+000
 0.0000000e+000
 0.0000000e+000
 0.0000000e+000
 0.0000000e+000
 0.0000000e+000
 0.0000000e+000
 0.0000000e+000
 0.0000000e+000
 0.0000000e+000
 0.0000000e+000
 0.0000000e+000
 0.0000000e+000
 0.0000000e+000
 0.0000000e+000
 0.0000000e+000
 0.0000000e+000
 0.0000000e+000
 0.0000000e+000
 0.0000000e+000
 0.0000000e+000
 0.0000000e+000
 0.0000000e+000
 0.0000000e+000
 0.0000000e+000
 0.0000000e+000
 0.0000000e+000
 0.0000000e+000
 0.0000000e+000
 0.0000000e+000
 0.0000000e+000
 0.0000000e+000
 0.0000000e+000
 0.0000000e+000
 0.0000000e+000
 0.0000000e+000
 0.0000000e+000
 0.0000000e+000
 0.0000000e+000
 0.0000000e+000
 0.0000000e+000
 0.0000000e+000
 0.0000000e+000
 0.0000000e+000
 0.0000000e+000
 0.0000000e+000
 0.0000000e+000
 0.0000000e+000
 0.0000000e+000
 0.0000000e+000
 0.0000000e+000
 0.0000000e+000
 0.0000000e+000
 0.0000000e+000
 0.0000000e+000
 0.0000000e+000
 0.0000000e+000
 0.0000000e+000
 0.0000000e+000
 0.0000000e+000
 0.0000000e+000
 0.0000000e+000
 0.0000000e+000
 0.0000000e+000
 0.0000000e+000
 0.0000000e+000
 0.0000000e+000
 0.0000000e+000
 0.0000000e+000
 0.0000000e+000
 0.0000000e+000
 0.0000000e+000
 0.0000000e+000
 0.0000000e+000
 0.0000000e+000
 0.0000000e+000
 0.0000000e+000
 0.0000000e+000
 0.0000000e+000
 0.0000000e+000
 0.0000000e+000
 0.0000000e+000
 0.0000000e+000
 0.0000000e+000
 0.0000000e+000
 0.0000000e+000
 0.0000000e+000
 0.0000000e+000
 0.0000000e+000
 0.0000000e+000
 0.0000000e+000
 0.0000000e+000
 0.0000000e+000
 0.0000000e+000
 0.0000000e+000
 0.0000000e+000
 0.0000000e+000
 0.0000000e+000
 0.0000000e+000
 0.0000000e+000
 0.0000000e+000
 0.0000000e+000
 0.0000000e+000
 0.0000000e+000
 0.0000000e+000
 0.0000000e+000
 0.0000000e+000
 0.0000000e+000
 0.0000000e+000
 0.0000000e+000
 0.0000000e+000
 0.0000000e+000
 0.0000000e+000
 0.0000000e+000
 0.0000000e+000
 0.0000000e+000
 0.0000000e+000
 0.0000000e+000
 0.0000000e+000
 0.0000000e+000
 0.0000000e+000
 0.0000000e+000
 0.0000000e+000
 0.0000000e+000
 0.0000000e+000
 0.0000000e+000
 0.0000000e+000
 0.0000000e+000
 0.0000000e+000
 0.0000000e+000
 0.0000000e+000
 0.0000000e+000
 0.0000000e+000
 0.0000000e+000
 0.0000000e+000
 0.0000000e+000
 0.0000000e+000
 0.0000000e+000
 0.0000000e+000
 0.0000000e+000
 0.0000000e+000
 0.0000000e+000
 0.0000000e+000
 0.0000000e+000
 0.0000000e+000
 0.0000000e+000
 0.0000000e+000
 0.0000000e+000
 0.0000000e+000
 0.0000000e+000
 0.0000000e+000
 0.0000000e+000
 0.0000000e+000
 0.0000000e+000
 0.0000000e+000
 0.0000000e+000
 0.0000000e+000
 0.0000000e+000
 0.0000000e+000
 0.0000000e+000
 0.0000000e+000
 0.0000000e+000
 0.0000000e+000
 0.0000000e+000
 0.0000000e+000
 0.0000000e+000
 0.0000000e+000
 0.0000000e+000
 0.0000000e+000
 0.0000000e+000
 0.0000000e+000
 0.0000000e+000
 0.0000000e+000
 0.0000000e+000
 0.0000000e+000
 0.0000000e+000
 0.0000000e+000
 0.0000000e+000
 0.0000000e+000
 0.0000000e+000
 0.0000000e+000
 0.0000000e+000
 0.0000000e+000
 0.0000000e+000
 0.0000000e+000
 0.0000000e+000
 0.0000000e+000
 0.0000000e+000
 0.0000000e+000
 0.0000000e+000
 0.0000000e+000
 0.0000000e+000
 0.0000000e+000
 0.0000000e+000
 0.0000000e+000
 0.0000000e+000
 0.0000000e+000
 0.0000000e+000
 0.0000000e+000
 0.0000000e+000
 0.0000000e+000
 0.0000000e+000
 0.0000000e+000
 0.0000000e+000
 0.0000000e+000
 0.0000000e+000
 0.0000000e+000
 0.0000000e+000
 0.0000000e+000
 0.0000000e+000
 0.0000000e+000
 0.0000000e+000
 0.0000000e+000
 0.0000000e+000
 0.0000000e+000
 0.0000000e+000
 0.0000000e+000
 0.0000000e+000
 0.0000000e+000
 0.0000000e+000
 0.0000000e+000
 0.0000000e+000
 0.0000000e+000
 0.0000000e+000
 0.0000000e+000
 0.0000000e+000
 0.0000000e+000
 0.0000000e+000
 0.0000000e+000
 0.0000000e+000
 0.0000000e+000
 0.0000000e+000
 0.0000000e+000
 0.0000000e+000
 0.0000000e+000
 0.0000000e+000
 0.0000000e+000
 0.0000000e+000
 0.0000000e+000
 0.0000000e+000
 0.0000000e+000
 0.0000000e+000
 0.0000000e+000
 0.0000000e+000
 0.0000000e+000
 0.0000000e+000
 0.0000000e+000
 0.0000000e+000
 0.0000000e+000
 0.0000000e+000
 0.0000000e+000
 0.0000000e+000
 0.0000000e+000
 0.0000000e+000
 0.0000000e+000
 0.0000000e+000
 0.0000000e+000
 0.0000000e+000
 0.0000000e+000
 0.0000000e+000
 0.0000000e+000
 0.0000000e+000
 0.0000000e+000
 0.0000000e+000
 0.0000000e+000
 0.0000000e+000
 0.0000000e+000
 0.0000000e+000
 0.0000000e+000
 0.0000000e+000
 0.0000000e+000
 0.0000000e+000
 0.0000000e+000
 0.0000000e+000
 0.0000000e+000
 0.0000000e+000
 0.0000000e+000
 0.0000000e+000
 0.0000000e+000
 0.0000000e+000
 0.0000000e+000
 0.0000000e+000
 0.0000000e+000
 0.0000000e+000
 0.0000000e+000
 0.0000000e+000
 0.0000000e+000
 0.0000000e+000
 0.0000000e+000
 0.0000000e+000
 0.0000000e+000
 0.0000000e+000
 0.0000000e+000
 0.0000000e+000
 0.0000000e+000
 0.0000000e+000
 0.0000000e+000
 0.0000000e+000
 0.0000000e+000
 0.0000000e+000
 0.0000000e+000
 0.0000000e+000
 0.0000000e+000
 0.0000000e+000
 0.0000000e+000
 0.0000000e+000
 0.0000000e+000
 0.0000000e+000
 0.0000000e+000
 0.0000000e+000
 0.0000000e+000
 0.0000000e+000
 0.0000000e+000
 0.0000000e+000
 0.0000000e+000
 0.0000000e+000
 0.0000000e+000
 0.0000000e+000
 0.0000000e+000
 0.0000000e+000
 0.0000000e+000
 0.0000000e+000
 0.0000000e+000
 0.0000000e+000
 0.0000000e+000
 0.0000000e+000
 0.0000000e+000
 0.0000000e+000
 0.0000000e+000
 0.0000000e+000
 0.0000000e+000
 0.0000000e+000
 0.0000000e+000
 0.0000000e+000
 0.0000000e+000
 0.0000000e+000
 0.0000000e+000
 0.0000000e+000
 0.0000000e+000
 0.0000000e+000
 0.0000000e+000
 0.0000000e+000
 0.0000000e+000
 0.0000000e+000
 0.0000000e+000
 0.0000000e+000
 0.0000000e+000
 0.0000000e+000
 0.0000000e+000
 0.0000000e+000
 0.0000000e+000
 0.0000000e+000
 0.0000000e+000
 0.0000000e+000
 0.0000000e+000
 0.0000000e+000
 0.0000000e+000
 0.0000000e+000
 0.0000000e+000
 0.0000000e+000
 0.0000000e+000
 0.0000000e+000
 0.0000000e+000
 0.0000000e+000
 0.0000000e+000
 0.0000000e+000
 0.0000000e+000
 0.0000000e+000
 0.0000000e+000
 0.0000000e+000
 0.0000000e+000
 0.0000000e+000
 0.0000000e+000
 0.0000000e+000
 0.0000000e+000
 0.0000000e+000
 0.0000000e+000
 0.0000000e+000
 0.0000000e+000
 0.0000000e+000
 0.0000000e+000
 0.0000000e+000
 0.0000000e+000
 0.0000000e+000
 0.0000000e+000
 0.0000000e+000
 0.0000000e+000
 0.0000000e+000
 0.0000000e+000
 0.0000000e+000
 0.0000000e+000
 0.0000000e+000
 0.0000000e+000
 0.0000000e+000
 0.0000000e+000
 0.0000000e+000
 0.0000000e+000
 0.0000000e+000
 0.0000000e+000
 0.0000000e+000
 0.0000000e+000
 0.0000000e+000
 0.0000000e+000
 0.0000000e+000
 0.0000000e+000
 0.0000000e+000
 0.0000000e+000
 0.0000000e+000
 0.0000000e+000
 0.0000000e+000
 0.0000000e+000
 0.0000000e+000
 0.0000000e+000
 0.0000000e+000
 0.0000000e+000
 0.0000000e+000
 0.0000000e+000
 0.0000000e+000
 0.0000000e+000
 0.0000000e+000
 0.0000000e+000
 0.0000000e+000
 0.0000000e+000
 0.0000000e+000
 0.0000000e+000
 0.0000000e+000
 0.0000000e+000
 0.0000000e+000
 0.0000000e+000
 0.0000000e+000
 0.0000000e+000
 0.0000000e+000
 0.0000000e+000
 0.0000000e+000
 0.0000000e+000
 0.0000000e+000
 0.0000000e+000
 0.0000000e+000
 0.0000000e+000
 0.0000000e+000
 0.0000000e+000
 0.0000000e+000
 0.0000000e+000
 0.0000000e+000
 0.0000000e+000
 0.0000000e+000
 0.0000000e+000
 0.0000000e+000
 0.0000000e+000
 0.0000000e+000
 0.0000000e+000
 0.0000000e+000
 0.0000000e+000
 0.0000000e+000
 0.0000000e+000
 0.0000000e+000
 0.0000000e+000
 0.0000000e+000
 0.0000000e+000
 0.0000000e+000
 0.0000000e+000
 0.0000000e+000
 0.0000000e+000
 0.0000000e+000
 0.0000000e+000
 0.0000000e+000
 0.0000000e+000
 0.0000000e+000
 0.0000000e+000
 0.0000000e+000
 0.0000000e+000
 0.0000000e+000
 0.0000000e+000
 0.0000000e+000
 0.0000000e+000
 0.0000000e+000
 0.0000000e+000
 0.0000000e+000
 0.0000000e+000
 0.0000000e+000
 0.0000000e+000
 0.0000000e+000
 0.0000000e+000
 0.0000000e+000
 0.0000000e+000
 0.0000000e+000
 0.0000000e+000
 0.0000000e+000
 0.0000000e+000
 0.0000000e+000
 0.0000000e+000
 0.0000000e+000
 0.0000000e+000
 0.0000000e+000
 0.0000000e+000
 0.0000000e+000
 0.0000000e+000
 0.0000000e+000
 0.0000000e+000
 0.0000000e+000
 0.0000000e+000
 0.0000000e+000
 0.0000000e+000
 0.0000000e+000
 0.0000000e+000
 0.0000000e+000
 0.0000000e+000
 0.0000000e+000
 0.0000000e+000
 0.0000000e+000
 0.0000000e+000
 0.0000000e+000
 0.0000000e+000
 0.0000000e+000
 0.0000000e+000
 0.0000000e+000
 0.0000000e+000
 0.0000000e+000
 0.0000000e+000
 0.0000000e+000
 0.0000000e+000
 0.0000000e+000
 0.0000000e+000
 0.0000000e+000
 0.0000000e+000
 0.0000000e+000
 0.0000000e+000
 0.0000000e+000
 0.0000000e+000
 0.0000000e+000
 0.0000000e+000
 0.0000000e+000
 0.0000000e+000
 0.0000000e+000
 0.0000000e+000
 0.0000000e+000
 0.0000000e+000
 0.0000000e+000
 0.0000000e+000
 0.0000000e+000
 0.0000000e+000
 0.0000000e+000
 0.0000000e+000
 0.0000000e+000
 0.0000000e+000
 0.0000000e+000
 0.0000000e+000
 0.0000000e+000
 0.0000000e+000
 0.0000000e+000
 0.0000000e+000
 0.0000000e+000
 0.0000000e+000
 0.0000000e+000
 0.0000000e+000
 0.0000000e+000
 0.0000000e+000
 0.0000000e+000
 0.0000000e+000
 0.0000000e+000
 0.0000000e+000
 0.0000000e+000
 0.0000000e+000
 0.0000000e+000
 0.0000000e+000
 0.0000000e+000
 0.0000000e+000
 0.0000000e+000
 0.0000000e+000
 0.0000000e+000
 0.0000000e+000
 0.0000000e+000
 0.0000000e+000
 0.0000000e+000
 0.0000000e+000
 0.0000000e+000
 0.0000000e+000
 0.0000000e+000
 0.0000000e+000
 0.0000000e+000
 0.0000000e+000
 0.0000000e+000
 0.0000000e+000
 0.0000000e+000
 0.0000000e+000
 0.0000000e+000
 0.0000000e+000
 0.0000000e+000
 0.0000000e+000
 0.0000000e+000
 0.0000000e+000
 0.0000000e+000
 0.0000000e+000
 0.0000000e+000
 0.0000000e+000
 0.0000000e+000
 0.0000000e+000
 0.0000000e+000
 0.0000000e+000
 0.0000000e+000
 0.0000000e+000
 0.0000000e+000
 0.0000000e+000
 0.0000000e+000
 0.0000000e+000
 0.0000000e+000
 0.0000000e+000
 0.0000000e+000
 0.0000000e+000
 0.0000000e+000
 0.0000000e+000
 0.0000000e+000
 0.0000000e+000
 0.0000000e+000
 0.0000000e+000
 0.0000000e+000
 0.0000000e+000
 0.0000000e+000
 0.0000000e+000
 0.0000000e+000
 0.0000000e+000
 0.0000000e+000
 0.0000000e+000
 0.0000000e+000
 0.0000000e+000
 0.0000000e+000
 0.0000000e+000
 0.0000000e+000
 0.0000000e+000
 0.0000000e+000
 0.0000000e+000
 0.0000000e+000
 0.0000000e+000
 0.0000000e+000
 0.0000000e+000
 0.0000000e+000
 0.0000000e+000
 0.0000000e+000
 0.0000000e+000
 0.0000000e+000
 0.0000000e+000
 0.0000000e+000
 0.0000000e+000
 0.0000000e+000
 0.0000000e+000
 0.0000000e+000
 0.0000000e+000
 0.0000000e+000
 0.0000000e+000
 0.0000000e+000
 0.0000000e+000
 0.0000000e+000
 0.0000000e+000
 0.0000000e+000
 0.0000000e+000
 0.0000000e+000
 0.0000000e+000
 0.0000000e+000
 0.0000000e+000
 0.0000000e+000
 0.0000000e+000
 0.0000000e+000
 0.0000000e+000
 0.0000000e+000
 0.0000000e+000
 0.0000000e+000
 0.0000000e+000
 0.0000000e+000
 0.0000000e+000
 0.0000000e+000
 0.0000000e+000
 0.0000000e+000
 0.0000000e+000
 0.0000000e+000
 0.0000000e+000
 0.0000000e+000
 0.0000000e+000
 0.0000000e+000
 0.0000000e+000
 0.0000000e+000
 0.0000000e+000
 0.0000000e+000
 0.0000000e+000
 0.0000000e+000
 0.0000000e+000
 0.0000000e+000
 0.0000000e+000
 0.0000000e+000
 0.0000000e+000
 0.0000000e+000
 0.0000000e+000
 0.0000000e+000
 0.0000000e+000
 0.0000000e+000
 0.0000000e+000
 0.0000000e+000
 0.0000000e+000
 0.0000000e+000
 0.0000000e+000
 0.0000000e+000
 0.0000000e+000
 0.0000000e+000
 0.0000000e+000
 0.0000000e+000
 0.0000000e+000
 0.0000000e+000
 0.0000000e+000
 0.0000000e+000
 0.0000000e+000
 0.0000000e+000
 0.0000000e+000
 0.0000000e+000
 0.0000000e+000
 0.0000000e+000
 0.0000000e+000
 0.0000000e+000
 0.0000000e+000
 0.0000000e+000
 0.0000000e+000
 0.0000000e+000
 0.0000000e+000
 0.0000000e+000
 0.0000000e+000
 0.0000000e+000
 0.0000000e+000
 0.0000000e+000
 0.0000000e+000
 0.0000000e+000
 0.0000000e+000
 0.0000000e+000
 0.0000000e+000
 0.0000000e+000
 0.0000000e+000
 0.0000000e+000
 0.0000000e+000
 0.0000000e+000
 0.0000000e+000
 0.0000000e+000
 0.0000000e+000
 0.0000000e+000
 0.0000000e+000
 0.0000000e+000
 0.0000000e+000
 0.0000000e+000
 0.0000000e+000
 0.0000000e+000
 0.0000000e+000
 0.0000000e+000
 0.0000000e+000
 0.0000000e+000
 0.0000000e+000
 0.0000000e+000
 0.0000000e+000
 0.0000000e+000
 0.0000000e+000
 0.0000000e+000
 0.0000000e+000
 0.0000000e+000
 0.0000000e+000
 0.0000000e+000
 0.0000000e+000
 0.0000000e+000
 0.0000000e+000
 0.0000000e+000
 0.0000000e+000
 0.0000000e+000
 0.0000000e+000
 0.0000000e+000
 0.0000000e+000
 0.0000000e+000
 0.0000000e+000
 0.0000000e+000
 0.0000000e+000
 0.0000000e+000
 0.0000000e+000
 0.0000000e+000
 0.0000000e+000
 0.0000000e+000
 0.0000000e+000
 0.0000000e+000
 0.0000000e+000
 0.0000000e+000
 0.0000000e+000
 0.0000000e+000
 0.0000000e+000
 0.0000000e+000
 0.0000000e+000
 0.0000000e+000
 0.0000000e+000
 0.0000000e+000
 0.0000000e+000
 0.0000000e+000
 0.0000000e+000
 0.0000000e+000
 0.0000000e+000
 0.0000000e+000
 0.0000000e+000
 0.0000000e+000
 0.0000000e+000
 0.0000000e+000
 0.0000000e+000
 0.0000000e+000
 0.0000000e+000
 0.0000000e+000
 0.0000000e+000
 0.0000000e+000
 0.0000000e+000
 0.0000000e+000
 0.0000000e+000
 0.0000000e+000
 0.0000000e+000
 0.0000000e+000
 0.0000000e+000
 0.0000000e+000
 0.0000000e+000
 0.0000000e+000
 0.0000000e+000
 0.0000000e+000
 0.0000000e+000
 0.0000000e+000
 0.0000000e+000
 0.0000000e+000
 0.0000000e+000
 0.0000000e+000
 0.0000000e+000
 0.0000000e+000
 0.0000000e+000
 0.0000000e+000
 0.0000000e+000
 0.0000000e+000
 0.0000000e+000
 0.0000000e+000
 0.0000000e+000
 0.0000000e+000
 0.0000000e+000
 0.0000000e+000
 0.0000000e+000
 0.0000000e+000
 0.0000000e+000
 0.0000000e+000
 0.0000000e+000
 0.0000000e+000
 0.0000000e+000
 0.0000000e+000
 0.0000000e+000
 0.0000000e+000
 0.0000000e+000
 0.0000000e+000
 0.0000000e+000
 0.0000000e+000
 0.0000000e+000
 0.0000000e+000
 0.0000000e+000
 0.0000000e+000
 0.0000000e+000
 0.0000000e+000
 0.0000000e+000
 0.0000000e+000
 0.0000000e+000
 0.0000000e+000
 0.0000000e+000
 0.0000000e+000
 0.0000000e+000
 0.0000000e+000
 0.0000000e+000
 0.0000000e+000
 0.0000000e+000
 0.0000000e+000
 0.0000000e+000
 0.0000000e+000
 0.0000000e+000
 0.0000000e+000
 0.0000000e+000
 0.0000000e+000
 0.0000000e+000
 0.0000000e+000
 0.0000000e+000
 0.0000000e+000
 0.0000000e+000
 0.0000000e+000
 0.0000000e+000
 0.0000000e+000
 0.0000000e+000
 0.0000000e+000
 0.0000000e+000
 0.0000000e+000
 0.0000000e+000
 0.0000000e+000
 0.0000000e+000
 0.0000000e+000
 0.0000000e+000
 0.0000000e+000
 0.0000000e+000
 0.0000000e+000
 0.0000000e+000
 0.0000000e+000
 0.0000000e+000
 0.0000000e+000
 0.0000000e+000
 0.0000000e+000
 0.0000000e+000
 0.0000000e+000
 0.0000000e+000
 0.0000000e+000
 0.0000000e+000
 0.0000000e+000
 0.0000000e+000
 0.0000000e+000
 0.0000000e+000
 0.0000000e+000
 0.0000000e+000
 0.0000000e+000
 0.0000000e+000
 0.0000000e+000
 0.0000000e+000
 0.0000000e+000
 0.0000000e+000
 0.0000000e+000
 0.0000000e+000
 0.0000000e+000
 0.0000000e+000
 0.0000000e+000
 0.0000000e+000
 0.0000000e+000
 0.0000000e+000
 0.0000000e+000
 0.0000000e+000
 0.0000000e+000
 0.0000000e+000
 0.0000000e+000
 0.0000000e+000
 0.0000000e+000
 0.0000000e+000
 0.0000000e+000
 0.0000000e+000
 0.0000000e+000
 0.0000000e+000
 0.0000000e+000
 0.0000000e+000
 0.0000000e+000
 0.0000000e+000
 0.0000000e+000
 0.0000000e+000
 0.0000000e+000
 0.0000000e+000
 0.0000000e+000
 0.0000000e+000
 0.0000000e+000
 0.0000000e+000
 0.0000000e+000
 0.0000000e+000
 0.0000000e+000
 0.0000000e+000
 0.0000000e+000
 0.0000000e+000
 0.0000000e+000
 0.0000000e+000
 0.0000000e+000
 0.0000000e+000
 0.0000000e+000
 0.0000000e+000
 0.0000000e+000
 0.0000000e+000
 0.0000000e+000
 0.0000000e+000
 0.0000000e+000
 0.0000000e+000
 0.0000000e+000
 0.0000000e+000
 0.0000000e+000
 0.0000000e+000
 0.0000000e+000
 0.0000000e+000
 0.0000000e+000
 0.0000000e+000
 0.0000000e+000
 0.0000000e+000
 0.0000000e+000
 0.0000000e+000
 0.0000000e+000
 0.0000000e+000
 0.0000000e+000
 0.0000000e+000
 0.0000000e+000
 0.0000000e+000
 0.0000000e+000
 0.0000000e+000
 0.0000000e+000
 0.0000000e+000
 0.0000000e+000
 0.0000000e+000
 0.0000000e+000
 0.0000000e+000
 0.0000000e+000
 0.0000000e+000
 0.0000000e+000
 0.0000000e+000
 0.0000000e+000
 0.0000000e+000
 0.0000000e+000
 0.0000000e+000
 0.0000000e+000
 0.0000000e+000
 0.0000000e+000
 0.0000000e+000
 0.0000000e+000
 0.0000000e+000
 0.0000000e+000
 0.0000000e+000
 0.0000000e+000
 0.0000000e+000
 0.0000000e+000
 0.0000000e+000
 0.0000000e+000
 0.0000000e+000
 0.0000000e+000
 0.0000000e+000
 0.0000000e+000
 0.0000000e+000
 0.0000000e+000
 0.0000000e+000
 0.0000000e+000
 0.0000000e+000
 0.0000000e+000
 0.0000000e+000
 0.0000000e+000
 0.0000000e+000
 0.0000000e+000
 0.0000000e+000
 0.0000000e+000
 0.0000000e+000
 0.0000000e+000
 0.0000000e+000
 0.0000000e+000
 0.0000000e+000
 0.0000000e+000
 0.0000000e+000
 0.0000000e+000
 0.0000000e+000
 0.0000000e+000
 0.0000000e+000
 0.0000000e+000
 0.0000000e+000
 0.0000000e+000
 0.0000000e+000
 0.0000000e+000
 0.0000000e+000
 0.0000000e+000
 0.0000000e+000
 0.0000000e+000
 0.0000000e+000
 0.0000000e+000
 0.0000000e+000
 0.0000000e+000
 0.0000000e+000
 0.0000000e+000
 0.0000000e+000
 0.0000000e+000
 0.0000000e+000
 0.0000000e+000
 0.0000000e+000
 0.0000000e+000
 0.0000000e+000
 0.0000000e+000
 0.0000000e+000
 0.0000000e+000
 0.0000000e+000
 0.0000000e+000
 0.0000000e+000
 0.0000000e+000
 0.0000000e+000
 0.0000000e+000
 0.0000000e+000
 0.0000000e+000
 0.0000000e+000
 0.0000000e+000
 0.0000000e+000
 0.0000000e+000
 0.0000000e+000
 0.0000000e+000
 0.0000000e+000
 0.0000000e+000
 0.0000000e+000
 0.0000000e+000
 0.0000000e+000
 0.0000000e+000
 0.0000000e+000
 0.0000000e+000
 0.0000000e+000
 0.0000000e+000
 0.0000000e+000
 0.0000000e+000
 0.0000000e+000
 0.0000000e+000
 0.0000000e+000
 0.0000000e+000
 0.0000000e+000
 0.0000000e+000
 0.0000000e+000
 0.0000000e+000
 0.0000000e+000
 0.0000000e+000
 0.0000000e+000
 0.0000000e+000
 0.0000000e+000
 0.0000000e+000
 0.0000000e+000
 0.0000000e+000
 0.0000000e+000
 0.0000000e+000
 0.0000000e+000
 0.0000000e+000
 0.0000000e+000
 0.0000000e+000
 0.0000000e+000
 0.0000000e+000
 0.0000000e+000
 0.0000000e+000
 0.0000000e+000
 0.0000000e+000
 0.0000000e+000
 0.0000000e+000
 0.0000000e+000
 0.0000000e+000
 0.0000000e+000
 0.0000000e+000
 0.0000000e+000
 0.0000000e+000
 0.0000000e+000
 0.0000000e+000
 0.0000000e+000
 0.0000000e+000
 0.0000000e+000
 0.0000000e+000
 0.0000000e+000
 0.0000000e+000
 0.0000000e+000
 0.0000000e+000
 0.0000000e+000
 0.0000000e+000
 0.0000000e+000
 0.0000000e+000
 0.0000000e+000
 0.0000000e+000
 0.0000000e+000
 0.0000000e+000
 0.0000000e+000
 0.0000000e+000
 0.0000000e+000
 0.0000000e+000
 0.0000000e+000
 0.0000000e+000
 0.0000000e+000
 0.0000000e+000
 0.0000000e+000
 0.0000000e+000
 0.0000000e+000
 0.0000000e+000
 0.0000000e+000
 0.0000000e+000
 0.0000000e+000
 0.0000000e+000
 0.0000000e+000
 0.0000000e+000
 0.0000000e+000
 0.0000000e+000
 0.0000000e+000
 0.0000000e+000
 0.0000000e+000
 0.0000000e+000
 0.0000000e+000
 0.0000000e+000
 0.0000000e+000
 0.0000000e+000
 0.0000000e+000
 0.0000000e+000
 0.0000000e+000
 0.0000000e+000
 0.0000000e+000
 0.0000000e+000
