 S07WV3 Record=61: SRF Band 7 WorldView3 NIR1              
 2.7500000e-008
 2.0300000e-008
 1.8200000e-008
 1.4800000e-008
 1.0700000e-008
 1.2600000e-008
 1.4100000e-008
 9.7699999e-009
 1.0800000e-008
 9.1899999e-009
 7.7799998e-009
 7.9699998e-009
 1.0300000e-008
 9.9499999e-009
 7.9999998e-009
 1.0600000e-008
 1.0900000e-008
 9.8499999e-009
 8.7999998e-009
 8.2099998e-009
 1.1000000e-008
 1.4200000e-008
 3.7400000e-008
 1.8199999e-007
 4.7399999e-007
 6.9700002e-007
 6.1700001e-007
 4.5400000e-007
 2.7300001e-007
 1.6800000e-007
 1.1700000e-007
 9.4800001e-008
 7.8299998e-008
 8.7399997e-008
 9.4800001e-008
 9.5300003e-008
 9.6999997e-008
 9.0199997e-008
 1.5300000e-007
 2.1400000e-007
 3.9000000e-007
 9.6899998e-007
 1.2300000e-006
 9.5500002e-007
 4.9200003e-007
 2.1400000e-007
 2.0000000e-007
 2.0000000e-007
 2.0200000e-007
 3.0100000e-007
 4.0600000e-007
 9.5100000e-007
 2.6900000e-006
 4.0599998e-006
 2.7799999e-006
 8.6300003e-007
 2.8100001e-007
 2.5500000e-007
 2.4500000e-007
 2.5800000e-007
 2.5400001e-007
 3.5799999e-007
 3.6200001e-007
 4.7600000e-007
 1.1700000e-006
 2.6000000e-006
 2.8300001e-006
 1.8100000e-006
 8.2800000e-007
 5.6400000e-007
 5.3200000e-007
 6.6699999e-007
 1.4300000e-006
 2.4599999e-006
 3.0399999e-006
 2.3600001e-006
 1.3600001e-006
 7.5600002e-007
 5.8000001e-007
 4.7600000e-007
 6.5600000e-007
 1.2100001e-006
 1.6600000e-006
 1.2300000e-006
 6.7100001e-007
 4.4999999e-007
 4.5100001e-007
 5.4899999e-007
 5.2100000e-007
 5.8900002e-007
 7.3000001e-007
 6.1399999e-007
 6.3599998e-007
 1.1600000e-006
 1.6800000e-006
 1.8600000e-006
 1.3200000e-006
 6.4099999e-007
 3.7100000e-007
 3.2099999e-007
 4.4600000e-007
 5.7400001e-007
 5.5900000e-007
 5.4700001e-007
 5.2199999e-007
 4.9599998e-007
 4.6599999e-007
 4.9099998e-007
 5.1299997e-007
 5.2299998e-007
 5.6599998e-007
 5.6900001e-007
 5.1100000e-007
 4.8499999e-007
 5.3899998e-007
 7.3899997e-007
 2.7799999e-006
 9.7599996e-006
 1.5400001e-005
 1.3500000e-005
 6.3200000e-006
 1.9100000e-006
 7.6700002e-007
 5.8000001e-007
 6.8499997e-007
 6.5099999e-007
 6.5799998e-007
 7.2000000e-007
 7.3400003e-007
 8.4700002e-007
 1.2400000e-006
 2.2800000e-006
 7.7300001e-006
 2.2000000e-005
 3.4199998e-005
 2.3200000e-005
 7.5500002e-006
 1.7200000e-006
 1.0500000e-006
 8.3899999e-007
 8.0000001e-007
 7.8699998e-007
 7.7900000e-007
 8.1299999e-007
 8.8199999e-007
 1.5099999e-006
 3.6300000e-006
 4.3999999e-006
 2.3499999e-006
 8.3999998e-007
 7.6499998e-007
 7.1199997e-007
 6.7200000e-007
 7.2099999e-007
 7.1599999e-007
 7.1500000e-007
 7.2900002e-007
 7.9599999e-007
 7.7800001e-007
 7.6700002e-007
 7.3699999e-007
 6.9599997e-007
 6.6799998e-007
 6.2999999e-007
 6.3700003e-007
 6.4699998e-007
 6.6899997e-007
 8.4099997e-007
 9.4799998e-007
 1.0400000e-006
 1.1400000e-006
 1.1900000e-006
 1.6300000e-006
 1.7800000e-006
 1.4800000e-006
 1.1400000e-006
 8.3700002e-007
 7.6600003e-007
 6.9100003e-007
 6.8600002e-007
 7.5800000e-007
 7.5800000e-007
 8.0100000e-007
 7.6900000e-007
 7.5899999e-007
 7.3400003e-007
 7.3299998e-007
 7.7300001e-007
 8.6199998e-007
 9.1099997e-007
 9.7899999e-007
 1.1900000e-006
 1.3500000e-006
 1.4000000e-006
 1.3900000e-006
 1.2700000e-006
 1.2300000e-006
 1.2800000e-006
 1.4800000e-006
 1.9199999e-006
 2.7799999e-006
 3.5700000e-006
 3.8000001e-006
 3.5300000e-006
 2.8699999e-006
 2.3800001e-006
 2.1999999e-006
 2.4000001e-006
 2.7300000e-006
 3.4899999e-006
 4.8500001e-006
 6.3699999e-006
 7.0599999e-006
 6.3299999e-006
 4.6599998e-006
 3.3599999e-006
 2.5600000e-006
 2.1900000e-006
 2.0200000e-006
 2.2700001e-006
 3.1200000e-006
 4.8799998e-006
 7.7400000e-006
 8.9300001e-006
 6.7599999e-006
 3.6800000e-006
 2.0200000e-006
 1.4900000e-006
 1.1900000e-006
 9.6600002e-007
 8.5599999e-007
 9.7700001e-007
 8.5800002e-007
 8.7100000e-007
 9.2200003e-007
 9.2699997e-007
 9.6400004e-007
 1.0500000e-006
 9.3699998e-007
 9.3500000e-007
 9.5199999e-007
 9.2400001e-007
 9.1700002e-007
 8.6900002e-007
 9.4500001e-007
 9.8600003e-007
 1.2600000e-006
 1.5600000e-006
 1.5500000e-006
 1.2800000e-006
 8.4499999e-007
 6.6500002e-007
 6.3400000e-007
 6.3499999e-007
 6.1399999e-007
 5.6800002e-007
 5.6300001e-007
 5.6699997e-007
 5.2899998e-007
 6.3800002e-007
 6.0700000e-007
 6.0000002e-007
 6.1300000e-007
 5.9299998e-007
 6.1200001e-007
 6.2300001e-007
 6.0000002e-007
 6.8499997e-007
 6.4000000e-007
 6.2499998e-007
 6.1499998e-007
 6.8800000e-007
 6.9399999e-007
 6.7000002e-007
 6.8000003e-007
 7.0700003e-007
 7.3400003e-007
 6.9800001e-007
 6.9399999e-007
 6.9999999e-007
 7.4600001e-007
 7.1099998e-007
 7.1699998e-007
 6.8399999e-007
 7.7999999e-007
 8.0500001e-007
 7.4399998e-007
 7.7700003e-007
 8.0600000e-007
 7.5000003e-007
 7.2300003e-007
 8.1100001e-007
 7.7499999e-007
 8.6300003e-007
 8.6400001e-007
 7.5800000e-007
 8.2000003e-007
 8.4599998e-007
 8.2899999e-007
 8.4999999e-007
 8.6699998e-007
 8.6199998e-007
 8.4800001e-007
 8.9999997e-007
 9.3900002e-007
 9.7199995e-007
 9.5500002e-007
 1.0300000e-006
 1.0400000e-006
 1.0300000e-006
 1.0900000e-006
 1.1000000e-006
 1.1100000e-006
 1.0900000e-006
 1.1100000e-006
 1.2800000e-006
 1.2700000e-006
 1.2800000e-006
 1.2800000e-006
 1.3400000e-006
 1.4500000e-006
 1.4000000e-006
 1.4400000e-006
 1.5300000e-006
 1.6499999e-006
 1.6499999e-006
 1.6800000e-006
 1.7800000e-006
 1.7900001e-006
 1.9000000e-006
 2.0699999e-006
 2.0099999e-006
 2.1100000e-006
 2.2800000e-006
 2.2600000e-006
 2.3900000e-006
 2.5100001e-006
 2.5100001e-006
 2.6499999e-006
 2.7900001e-006
 2.8200000e-006
 2.9900000e-006
 3.2099999e-006
 3.2099999e-006
 3.3800000e-006
 3.5600001e-006
 3.6100000e-006
 3.7499999e-006
 3.8700000e-006
 4.0099999e-006
 4.0999998e-006
 4.3300001e-006
 4.5500001e-006
 4.5299998e-006
 4.7100002e-006
 4.9999999e-006
 5.0300000e-006
 5.1200000e-006
 5.3200001e-006
 5.5599999e-006
 5.7799998e-006
 5.9300000e-006
 6.0600000e-006
 6.2800000e-006
 6.4300002e-006
 6.7900000e-006
 7.1400000e-006
 7.3000001e-006
 7.5299999e-006
 7.8200001e-006
 8.0700001e-006
 8.2600000e-006
 8.5600004e-006
 8.9300001e-006
 9.2500004e-006
 9.6000003e-006
 9.9600002e-006
 1.0600000e-005
 1.1300000e-005
 1.2300000e-005
 1.3500000e-005
 1.5100000e-005
 1.7200000e-005
 1.9600000e-005
 2.2700000e-005
 2.6500000e-005
 3.0800002e-005
 3.5699999e-005
 4.1100000e-005
 4.7500002e-005
 5.5100001e-005
 6.4100001e-005
 7.5800002e-005
 9.0699999e-005
 1.1100000e-004
 1.3900000e-004
 1.7600000e-004
 2.3000001e-004
 3.0499999e-004
 4.1099999e-004
 5.6199997e-004
 7.6999998e-004
 1.0620001e-003
 1.4550000e-003
 1.9700001e-003
 2.6550000e-003
 3.4700001e-003
 4.5440001e-003
 5.9969998e-003
 7.8959996e-003
 1.0358000e-002
 1.3762000e-002
 1.8329000e-002
 2.7780000e-002
 3.8552001e-002
 5.8773998e-002
 8.5282996e-002
 1.3373800e-001
 1.9628599e-001
 2.8672999e-001
 3.9483401e-001
 5.0751501e-001
 6.2315899e-001
 7.1957600e-001
 8.0434102e-001
 8.6962998e-001
 9.2368901e-001
 9.5971203e-001
 9.8501098e-001
 9.9656302e-001
 1.0000000e+000
 9.9807298e-001
 9.9344897e-001
 9.8941499e-001
 9.8545998e-001
 9.8097003e-001
 9.7659397e-001
 9.7191602e-001
 9.6662802e-001
 9.5991498e-001
 9.5253402e-001
 9.4513601e-001
 9.3822402e-001
 9.3362302e-001
 9.2936999e-001
 9.2411101e-001
 9.1904598e-001
 9.1686499e-001
 9.1547602e-001
 9.1360700e-001
 9.1198897e-001
 9.1210002e-001
 9.1297102e-001
 9.1362798e-001
 9.1391498e-001
 9.1359800e-001
 9.1296399e-001
 9.1182601e-001
 9.1094500e-001
 9.0924501e-001
 9.0665799e-001
 9.0297198e-001
 8.9911902e-001
 8.9560097e-001
 8.9244002e-001
 8.8916302e-001
 8.8515198e-001
 8.8055700e-001
 8.7626702e-001
 8.7302101e-001
 8.7014300e-001
 8.6880702e-001
 8.6773098e-001
 8.6670500e-001
 8.6574900e-001
 8.6501998e-001
 8.6496300e-001
 8.6674500e-001
 8.6840397e-001
 8.6707598e-001
 8.6465001e-001
 8.6188799e-001
 8.5982698e-001
 8.5795897e-001
 8.5567898e-001
 8.5263199e-001
 8.4943902e-001
 8.4600902e-001
 8.4236401e-001
 8.3838302e-001
 8.3437502e-001
 8.3065200e-001
 8.2671100e-001
 8.2090902e-001
 8.1488001e-001
 8.0940902e-001
 8.0406803e-001
 7.9719400e-001
 7.9009998e-001
 7.8346598e-001
 7.7671999e-001
 7.6917398e-001
 7.6124299e-001
 7.5339699e-001
 7.4581200e-001
 7.3972601e-001
 7.3381901e-001
 7.2750098e-001
 7.2119498e-001
 7.1539003e-001
 7.0956802e-001
 7.0227301e-001
 6.9480002e-001
 6.8820399e-001
 6.8168300e-001
 6.7401600e-001
 6.6619998e-001
 6.5988302e-001
 6.5363801e-001
 6.4762503e-001
 6.4188099e-001
 6.3701802e-001
 6.3225400e-001
 6.2817800e-001
 6.2411702e-001
 6.2031502e-001
 6.1650997e-001
 6.1354399e-001
 6.1086601e-001
 6.0839599e-001
 6.0594600e-001
 6.0372102e-001
 6.0146499e-001
 6.0094303e-001
 6.0078102e-001
 6.0162997e-001
 6.0263801e-001
 6.0238802e-001
 6.0196501e-001
 5.8321798e-001
 5.6148899e-001
 5.0253999e-001
 4.3924400e-001
 3.5531101e-001
 2.6889399e-001
 2.0173401e-001
 1.3638000e-001
 9.8527998e-002
 6.3784003e-002
 4.6374999e-002
 3.0679001e-002
 2.2570999e-002
 1.5194000e-002
 1.1473000e-002
 8.0970004e-003
 6.2640002e-003
 4.5679999e-003
 3.6970000e-003
 2.8919999e-003
 2.4500000e-003
 2.0359999e-003
 1.7760000e-003
 1.5250000e-003
 1.3740000e-003
 1.1860000e-003
 1.0200000e-003
 8.1499998e-004
 7.1599998e-004
 6.0700002e-004
 4.9300003e-004
 3.7200001e-004
 3.3200000e-004
 2.5200000e-004
 2.0200000e-004
 1.6000000e-004
 1.3200000e-004
 1.1100000e-004
 9.0000001e-005
 7.1399998e-005
 5.9099999e-005
 4.3399999e-005
 4.0100000e-005
 3.4100001e-005
 3.2399999e-005
 2.5699999e-005
 2.2800001e-005
 1.9400000e-005
 1.9300000e-005
 1.6200000e-005
 1.5200000e-005
 1.4700000e-005
 1.3200000e-005
 1.0400000e-005
 1.0400000e-005
 9.9999997e-006
 9.9999997e-006
 8.7999997e-006
 8.6099999e-006
 7.8200001e-006
 8.5900001e-006
 7.6799997e-006
 8.0399996e-006
 6.9500002e-006
 7.5200001e-006
 6.0200000e-006
 7.2100001e-006
 6.8800000e-006
 6.8499999e-006
 6.1400001e-006
 6.0500001e-006
 5.8999999e-006
 5.9099998e-006
 4.8600000e-006
 5.3700001e-006
 5.2300002e-006
 5.1100001e-006
 4.4200001e-006
 4.4700000e-006
 4.3199998e-006
 4.3400000e-006
 4.1899998e-006
 4.6499999e-006
 4.5699999e-006
 4.4600001e-006
 3.7600000e-006
 4.4600001e-006
 4.3499999e-006
 4.4200001e-006
 4.6800001e-006
 4.5299998e-006
 4.4600001e-006
 4.5500001e-006
 4.1700000e-006
 4.1399999e-006
 2.2500001e-006
 2.2300001e-006
 2.4999999e-006
 2.5400000e-006
 3.9800002e-006
 4.0999998e-006
 4.4300000e-006
 4.4100002e-006
 3.6199999e-006
 3.5600001e-006
 3.6700001e-006
 3.5999999e-006
 2.8800000e-006
 2.9900000e-006
 3.3100000e-006
 3.2500000e-006
 3.5099999e-006
 3.4800000e-006
 3.3100000e-006
 3.4499999e-006
 3.3900001e-006
 3.4000000e-006
 2.4999999e-006
 2.5800000e-006
 2.8600000e-006
 2.8100001e-006
 2.7599999e-006
 2.7100000e-006
 1.8400000e-006
 1.8600000e-006
 1.8800000e-006
 1.7500000e-006
 1.7400000e-006
 1.7200000e-006
 2.1999999e-006
 2.1400001e-006
 2.6200000e-006
 2.5500001e-006
 2.2900001e-006
 2.2900001e-006
 2.0200000e-006
 1.9300001e-006
 1.0900000e-006
 1.6200000e-006
 1.6400001e-006
 1.6200000e-006
 1.5600000e-006
 1.5400000e-006
 1.4200000e-006
 1.4000000e-006
 1.2400000e-006
 1.1900000e-006
 6.7399998e-007
 6.5099999e-007
 7.4700000e-007
 7.2300003e-007
 4.6700001e-007
 4.6100001e-007
 8.5900001e-007
 8.2200000e-007
 7.8900001e-007
 7.7999999e-007
 1.1300000e-006
 1.0900000e-006
 1.1000000e-006
 1.0700001e-006
 6.7100001e-007
 6.3499999e-007
 8.0199999e-007
 7.7800001e-007
 7.1300002e-007
 6.9900000e-007
 6.7899998e-007
 6.6000001e-007
 6.0799999e-007
 5.8500001e-007
 6.1700001e-007
 6.0399998e-007
 4.3800000e-007
 4.2799999e-007
 2.9099999e-007
 2.8500000e-007
 5.1299997e-007
 5.0099999e-007
 5.9299998e-007
 5.7900002e-007
 4.5900001e-007
 4.4000001e-007
 4.1000001e-007
 4.0000000e-007
 3.2099999e-007
 3.1400000e-007
 2.1600000e-007
 2.0700000e-007
 2.0900001e-007
 2.3200000e-007
 3.2599999e-007
 2.9800000e-007
 3.6300000e-007
 3.5900001e-007
 1.8500000e-007
 1.6100000e-007
 2.1400000e-007
 2.1000000e-007
 2.0800000e-007
 2.0200000e-007
 1.9700001e-007
 1.9700001e-007
 1.9399999e-007
 1.8500000e-007
 1.5600000e-007
 1.5800001e-007
 3.3699999e-007
 3.4000001e-007
 2.9600000e-007
 2.9700001e-007
 2.9700001e-007
 0.0000000e+000
 0.0000000e+000
 0.0000000e+000
 0.0000000e+000
 0.0000000e+000
 0.0000000e+000
 0.0000000e+000
 0.0000000e+000
 0.0000000e+000
 0.0000000e+000
 0.0000000e+000
 0.0000000e+000
 0.0000000e+000
 0.0000000e+000
 0.0000000e+000
 0.0000000e+000
 0.0000000e+000
 0.0000000e+000
 0.0000000e+000
 0.0000000e+000
 0.0000000e+000
 0.0000000e+000
 0.0000000e+000
 0.0000000e+000
 0.0000000e+000
 0.0000000e+000
 0.0000000e+000
 0.0000000e+000
 0.0000000e+000
 0.0000000e+000
 0.0000000e+000
 0.0000000e+000
 0.0000000e+000
 0.0000000e+000
 0.0000000e+000
 0.0000000e+000
 0.0000000e+000
 0.0000000e+000
 0.0000000e+000
 0.0000000e+000
 0.0000000e+000
 0.0000000e+000
 0.0000000e+000
 0.0000000e+000
 0.0000000e+000
 0.0000000e+000
 0.0000000e+000
 0.0000000e+000
 0.0000000e+000
 0.0000000e+000
 0.0000000e+000
 0.0000000e+000
 0.0000000e+000
 0.0000000e+000
 0.0000000e+000
 0.0000000e+000
 0.0000000e+000
 0.0000000e+000
 0.0000000e+000
 0.0000000e+000
 0.0000000e+000
 0.0000000e+000
 0.0000000e+000
 0.0000000e+000
 0.0000000e+000
 0.0000000e+000
 0.0000000e+000
 0.0000000e+000
 0.0000000e+000
 0.0000000e+000
 0.0000000e+000
 0.0000000e+000
 0.0000000e+000
 0.0000000e+000
 0.0000000e+000
 0.0000000e+000
 0.0000000e+000
 0.0000000e+000
 0.0000000e+000
 0.0000000e+000
 0.0000000e+000
 0.0000000e+000
 0.0000000e+000
 0.0000000e+000
 0.0000000e+000
 0.0000000e+000
 0.0000000e+000
 0.0000000e+000
 0.0000000e+000
 0.0000000e+000
 0.0000000e+000
 0.0000000e+000
 0.0000000e+000
 0.0000000e+000
 0.0000000e+000
 0.0000000e+000
 0.0000000e+000
 0.0000000e+000
 0.0000000e+000
 0.0000000e+000
 0.0000000e+000
 0.0000000e+000
 0.0000000e+000
 0.0000000e+000
 0.0000000e+000
 0.0000000e+000
 0.0000000e+000
 0.0000000e+000
 0.0000000e+000
 0.0000000e+000
 0.0000000e+000
 0.0000000e+000
 0.0000000e+000
 0.0000000e+000
 0.0000000e+000
 0.0000000e+000
 0.0000000e+000
 0.0000000e+000
 0.0000000e+000
 0.0000000e+000
 0.0000000e+000
 0.0000000e+000
 0.0000000e+000
 0.0000000e+000
 0.0000000e+000
 0.0000000e+000
 0.0000000e+000
 0.0000000e+000
 0.0000000e+000
 0.0000000e+000
 0.0000000e+000
 0.0000000e+000
 0.0000000e+000
 0.0000000e+000
 0.0000000e+000
 0.0000000e+000
 0.0000000e+000
 0.0000000e+000
 0.0000000e+000
 0.0000000e+000
 0.0000000e+000
 0.0000000e+000
 0.0000000e+000
 0.0000000e+000
 0.0000000e+000
 0.0000000e+000
 0.0000000e+000
 0.0000000e+000
 0.0000000e+000
 0.0000000e+000
 0.0000000e+000
 0.0000000e+000
 0.0000000e+000
 0.0000000e+000
 0.0000000e+000
 0.0000000e+000
 0.0000000e+000
 0.0000000e+000
 0.0000000e+000
 0.0000000e+000
 0.0000000e+000
 0.0000000e+000
 0.0000000e+000
 0.0000000e+000
 0.0000000e+000
 0.0000000e+000
 0.0000000e+000
 0.0000000e+000
 0.0000000e+000
 0.0000000e+000
 0.0000000e+000
 0.0000000e+000
 0.0000000e+000
 0.0000000e+000
 0.0000000e+000
 0.0000000e+000
 0.0000000e+000
 0.0000000e+000
 0.0000000e+000
 0.0000000e+000
 0.0000000e+000
 0.0000000e+000
 0.0000000e+000
 0.0000000e+000
 0.0000000e+000
 0.0000000e+000
 0.0000000e+000
 0.0000000e+000
 0.0000000e+000
 0.0000000e+000
 0.0000000e+000
 0.0000000e+000
 0.0000000e+000
 0.0000000e+000
 0.0000000e+000
 0.0000000e+000
 0.0000000e+000
 0.0000000e+000
 0.0000000e+000
 0.0000000e+000
 0.0000000e+000
 0.0000000e+000
 0.0000000e+000
 0.0000000e+000
 0.0000000e+000
 0.0000000e+000
 0.0000000e+000
 0.0000000e+000
 0.0000000e+000
 0.0000000e+000
 0.0000000e+000
 0.0000000e+000
 0.0000000e+000
 0.0000000e+000
 0.0000000e+000
 0.0000000e+000
 0.0000000e+000
 0.0000000e+000
 0.0000000e+000
 0.0000000e+000
 0.0000000e+000
 0.0000000e+000
 0.0000000e+000
 0.0000000e+000
 0.0000000e+000
 0.0000000e+000
 0.0000000e+000
 0.0000000e+000
 0.0000000e+000
 0.0000000e+000
 0.0000000e+000
 0.0000000e+000
 0.0000000e+000
 0.0000000e+000
 0.0000000e+000
 0.0000000e+000
 0.0000000e+000
 0.0000000e+000
 0.0000000e+000
 0.0000000e+000
 0.0000000e+000
 0.0000000e+000
 0.0000000e+000
 0.0000000e+000
 0.0000000e+000
 0.0000000e+000
 0.0000000e+000
 0.0000000e+000
 0.0000000e+000
 0.0000000e+000
 0.0000000e+000
 0.0000000e+000
 0.0000000e+000
 0.0000000e+000
 0.0000000e+000
 0.0000000e+000
 0.0000000e+000
 0.0000000e+000
 0.0000000e+000
 0.0000000e+000
 0.0000000e+000
 0.0000000e+000
 0.0000000e+000
 0.0000000e+000
 0.0000000e+000
 0.0000000e+000
 0.0000000e+000
 0.0000000e+000
 0.0000000e+000
 0.0000000e+000
 0.0000000e+000
 0.0000000e+000
 0.0000000e+000
 0.0000000e+000
 0.0000000e+000
 0.0000000e+000
 0.0000000e+000
 0.0000000e+000
 0.0000000e+000
 0.0000000e+000
 0.0000000e+000
 0.0000000e+000
 0.0000000e+000
 0.0000000e+000
 0.0000000e+000
 0.0000000e+000
 0.0000000e+000
 0.0000000e+000
 0.0000000e+000
 0.0000000e+000
 0.0000000e+000
 0.0000000e+000
 0.0000000e+000
 0.0000000e+000
 0.0000000e+000
 0.0000000e+000
 0.0000000e+000
 0.0000000e+000
 0.0000000e+000
 0.0000000e+000
 0.0000000e+000
 0.0000000e+000
 0.0000000e+000
 0.0000000e+000
 0.0000000e+000
 0.0000000e+000
 0.0000000e+000
 0.0000000e+000
 0.0000000e+000
 0.0000000e+000
 0.0000000e+000
 0.0000000e+000
 0.0000000e+000
 0.0000000e+000
 0.0000000e+000
 0.0000000e+000
 0.0000000e+000
 0.0000000e+000
 0.0000000e+000
 0.0000000e+000
 0.0000000e+000
 0.0000000e+000
 0.0000000e+000
 0.0000000e+000
 0.0000000e+000
 0.0000000e+000
 0.0000000e+000
 0.0000000e+000
 0.0000000e+000
 0.0000000e+000
 0.0000000e+000
 0.0000000e+000
 0.0000000e+000
 0.0000000e+000
 0.0000000e+000
 0.0000000e+000
 0.0000000e+000
 0.0000000e+000
 0.0000000e+000
 0.0000000e+000
 0.0000000e+000
 0.0000000e+000
 0.0000000e+000
 0.0000000e+000
 0.0000000e+000
 0.0000000e+000
 0.0000000e+000
 0.0000000e+000
 0.0000000e+000
 0.0000000e+000
 0.0000000e+000
 0.0000000e+000
 0.0000000e+000
 0.0000000e+000
 0.0000000e+000
 0.0000000e+000
 0.0000000e+000
 0.0000000e+000
 0.0000000e+000
 0.0000000e+000
 0.0000000e+000
 0.0000000e+000
 0.0000000e+000
 0.0000000e+000
 0.0000000e+000
 0.0000000e+000
 0.0000000e+000
 0.0000000e+000
 0.0000000e+000
 0.0000000e+000
 0.0000000e+000
 0.0000000e+000
 0.0000000e+000
 0.0000000e+000
 0.0000000e+000
 0.0000000e+000
 0.0000000e+000
 0.0000000e+000
 0.0000000e+000
 0.0000000e+000
 0.0000000e+000
 0.0000000e+000
 0.0000000e+000
 0.0000000e+000
 0.0000000e+000
 0.0000000e+000
 0.0000000e+000
 0.0000000e+000
 0.0000000e+000
 0.0000000e+000
 0.0000000e+000
 0.0000000e+000
 0.0000000e+000
 0.0000000e+000
 0.0000000e+000
 0.0000000e+000
 0.0000000e+000
 0.0000000e+000
 0.0000000e+000
 0.0000000e+000
 0.0000000e+000
 0.0000000e+000
 0.0000000e+000
 0.0000000e+000
 0.0000000e+000
 0.0000000e+000
 0.0000000e+000
 0.0000000e+000
 0.0000000e+000
 0.0000000e+000
 0.0000000e+000
 0.0000000e+000
 0.0000000e+000
 0.0000000e+000
 0.0000000e+000
 0.0000000e+000
 0.0000000e+000
 0.0000000e+000
 0.0000000e+000
 0.0000000e+000
 0.0000000e+000
 0.0000000e+000
 0.0000000e+000
 0.0000000e+000
 0.0000000e+000
 0.0000000e+000
 0.0000000e+000
 0.0000000e+000
 0.0000000e+000
 0.0000000e+000
 0.0000000e+000
 0.0000000e+000
 0.0000000e+000
 0.0000000e+000
 0.0000000e+000
 0.0000000e+000
 0.0000000e+000
 0.0000000e+000
 0.0000000e+000
 0.0000000e+000
 0.0000000e+000
 0.0000000e+000
 0.0000000e+000
 0.0000000e+000
 0.0000000e+000
 0.0000000e+000
 0.0000000e+000
 0.0000000e+000
 0.0000000e+000
 0.0000000e+000
 0.0000000e+000
 0.0000000e+000
 0.0000000e+000
 0.0000000e+000
 0.0000000e+000
 0.0000000e+000
 0.0000000e+000
 0.0000000e+000
 0.0000000e+000
 0.0000000e+000
 0.0000000e+000
 0.0000000e+000
 0.0000000e+000
 0.0000000e+000
 0.0000000e+000
 0.0000000e+000
 0.0000000e+000
 0.0000000e+000
 0.0000000e+000
 0.0000000e+000
 0.0000000e+000
 0.0000000e+000
 0.0000000e+000
 0.0000000e+000
 0.0000000e+000
 0.0000000e+000
 0.0000000e+000
 0.0000000e+000
 0.0000000e+000
 0.0000000e+000
 0.0000000e+000
 0.0000000e+000
 0.0000000e+000
 0.0000000e+000
 0.0000000e+000
 0.0000000e+000
 0.0000000e+000
 0.0000000e+000
 0.0000000e+000
 0.0000000e+000
 0.0000000e+000
 0.0000000e+000
 0.0000000e+000
 0.0000000e+000
 0.0000000e+000
 0.0000000e+000
 0.0000000e+000
 0.0000000e+000
 0.0000000e+000
 0.0000000e+000
 0.0000000e+000
 0.0000000e+000
 0.0000000e+000
 0.0000000e+000
 0.0000000e+000
 0.0000000e+000
 0.0000000e+000
 0.0000000e+000
 0.0000000e+000
 0.0000000e+000
 0.0000000e+000
 0.0000000e+000
 0.0000000e+000
 0.0000000e+000
 0.0000000e+000
 0.0000000e+000
 0.0000000e+000
 0.0000000e+000
 0.0000000e+000
 0.0000000e+000
 0.0000000e+000
 0.0000000e+000
 0.0000000e+000
 0.0000000e+000
 0.0000000e+000
 0.0000000e+000
 0.0000000e+000
 0.0000000e+000
 0.0000000e+000
 0.0000000e+000
 0.0000000e+000
 0.0000000e+000
 0.0000000e+000
 0.0000000e+000
 0.0000000e+000
 0.0000000e+000
 0.0000000e+000
 0.0000000e+000
 0.0000000e+000
 0.0000000e+000
 0.0000000e+000
 0.0000000e+000
 0.0000000e+000
 0.0000000e+000
 0.0000000e+000
 0.0000000e+000
 0.0000000e+000
 0.0000000e+000
 0.0000000e+000
 0.0000000e+000
 0.0000000e+000
 0.0000000e+000
 0.0000000e+000
 0.0000000e+000
 0.0000000e+000
 0.0000000e+000
 0.0000000e+000
 0.0000000e+000
 0.0000000e+000
 0.0000000e+000
 0.0000000e+000
 0.0000000e+000
 0.0000000e+000
 0.0000000e+000
 0.0000000e+000
 0.0000000e+000
 0.0000000e+000
 0.0000000e+000
 0.0000000e+000
 0.0000000e+000
 0.0000000e+000
 0.0000000e+000
 0.0000000e+000
 0.0000000e+000
 0.0000000e+000
 0.0000000e+000
 0.0000000e+000
 0.0000000e+000
 0.0000000e+000
 0.0000000e+000
 0.0000000e+000
 0.0000000e+000
 0.0000000e+000
 0.0000000e+000
 0.0000000e+000
 0.0000000e+000
 0.0000000e+000
 0.0000000e+000
 0.0000000e+000
 0.0000000e+000
 0.0000000e+000
 0.0000000e+000
 0.0000000e+000
 0.0000000e+000
 0.0000000e+000
 0.0000000e+000
 0.0000000e+000
 0.0000000e+000
 0.0000000e+000
 0.0000000e+000
 0.0000000e+000
 0.0000000e+000
 0.0000000e+000
 0.0000000e+000
 0.0000000e+000
 0.0000000e+000
 0.0000000e+000
 0.0000000e+000
 0.0000000e+000
 0.0000000e+000
 0.0000000e+000
 0.0000000e+000
 0.0000000e+000
 0.0000000e+000
 0.0000000e+000
 0.0000000e+000
 0.0000000e+000
 0.0000000e+000
 0.0000000e+000
 0.0000000e+000
 0.0000000e+000
 0.0000000e+000
 0.0000000e+000
 0.0000000e+000
 0.0000000e+000
 0.0000000e+000
 0.0000000e+000
 0.0000000e+000
 0.0000000e+000
 0.0000000e+000
 0.0000000e+000
 0.0000000e+000
 0.0000000e+000
 0.0000000e+000
 0.0000000e+000
 0.0000000e+000
 0.0000000e+000
 0.0000000e+000
 0.0000000e+000
 0.0000000e+000
 0.0000000e+000
 0.0000000e+000
 0.0000000e+000
 0.0000000e+000
 0.0000000e+000
 0.0000000e+000
 0.0000000e+000
 0.0000000e+000
 0.0000000e+000
 0.0000000e+000
 0.0000000e+000
 0.0000000e+000
 0.0000000e+000
 0.0000000e+000
 0.0000000e+000
 0.0000000e+000
 0.0000000e+000
 0.0000000e+000
 0.0000000e+000
 0.0000000e+000
 0.0000000e+000
 0.0000000e+000
 0.0000000e+000
 0.0000000e+000
 0.0000000e+000
 0.0000000e+000
 0.0000000e+000
 0.0000000e+000
 0.0000000e+000
 0.0000000e+000
 0.0000000e+000
 0.0000000e+000
 0.0000000e+000
 0.0000000e+000
 0.0000000e+000
 0.0000000e+000
 0.0000000e+000
 0.0000000e+000
 0.0000000e+000
 0.0000000e+000
 0.0000000e+000
 0.0000000e+000
 0.0000000e+000
 0.0000000e+000
 0.0000000e+000
 0.0000000e+000
 0.0000000e+000
 0.0000000e+000
 0.0000000e+000
 0.0000000e+000
 0.0000000e+000
 0.0000000e+000
 0.0000000e+000
 0.0000000e+000
 0.0000000e+000
 0.0000000e+000
 0.0000000e+000
 0.0000000e+000
 0.0000000e+000
 0.0000000e+000
 0.0000000e+000
 0.0000000e+000
 0.0000000e+000
 0.0000000e+000
 0.0000000e+000
 0.0000000e+000
 0.0000000e+000
 0.0000000e+000
 0.0000000e+000
 0.0000000e+000
 0.0000000e+000
 0.0000000e+000
 0.0000000e+000
 0.0000000e+000
 0.0000000e+000
 0.0000000e+000
 0.0000000e+000
 0.0000000e+000
 0.0000000e+000
 0.0000000e+000
 0.0000000e+000
 0.0000000e+000
 0.0000000e+000
 0.0000000e+000
 0.0000000e+000
 0.0000000e+000
 0.0000000e+000
 0.0000000e+000
 0.0000000e+000
 0.0000000e+000
 0.0000000e+000
 0.0000000e+000
 0.0000000e+000
 0.0000000e+000
 0.0000000e+000
 0.0000000e+000
 0.0000000e+000
 0.0000000e+000
 0.0000000e+000
 0.0000000e+000
 0.0000000e+000
 0.0000000e+000
 0.0000000e+000
 0.0000000e+000
 0.0000000e+000
 0.0000000e+000
 0.0000000e+000
 0.0000000e+000
 0.0000000e+000
 0.0000000e+000
 0.0000000e+000
 0.0000000e+000
 0.0000000e+000
 0.0000000e+000
 0.0000000e+000
 0.0000000e+000
 0.0000000e+000
 0.0000000e+000
 0.0000000e+000
 0.0000000e+000
 0.0000000e+000
 0.0000000e+000
 0.0000000e+000
 0.0000000e+000
 0.0000000e+000
 0.0000000e+000
 0.0000000e+000
 0.0000000e+000
 0.0000000e+000
 0.0000000e+000
 0.0000000e+000
 0.0000000e+000
 0.0000000e+000
 0.0000000e+000
 0.0000000e+000
 0.0000000e+000
 0.0000000e+000
 0.0000000e+000
 0.0000000e+000
 0.0000000e+000
 0.0000000e+000
 0.0000000e+000
 0.0000000e+000
 0.0000000e+000
 0.0000000e+000
 0.0000000e+000
 0.0000000e+000
 0.0000000e+000
 0.0000000e+000
 0.0000000e+000
 0.0000000e+000
 0.0000000e+000
 0.0000000e+000
 0.0000000e+000
 0.0000000e+000
 0.0000000e+000
 0.0000000e+000
 0.0000000e+000
 0.0000000e+000
 0.0000000e+000
 0.0000000e+000
 0.0000000e+000
 0.0000000e+000
 0.0000000e+000
 0.0000000e+000
 0.0000000e+000
 0.0000000e+000
 0.0000000e+000
 0.0000000e+000
 0.0000000e+000
 0.0000000e+000
 0.0000000e+000
 0.0000000e+000
 0.0000000e+000
 0.0000000e+000
 0.0000000e+000
 0.0000000e+000
 0.0000000e+000
 0.0000000e+000
 0.0000000e+000
 0.0000000e+000
 0.0000000e+000
 0.0000000e+000
 0.0000000e+000
 0.0000000e+000
 0.0000000e+000
 0.0000000e+000
 0.0000000e+000
 0.0000000e+000
 0.0000000e+000
 0.0000000e+000
 0.0000000e+000
 0.0000000e+000
 0.0000000e+000
 0.0000000e+000
 0.0000000e+000
 0.0000000e+000
 0.0000000e+000
 0.0000000e+000
 0.0000000e+000
 0.0000000e+000
 0.0000000e+000
 0.0000000e+000
 0.0000000e+000
 0.0000000e+000
 0.0000000e+000
 0.0000000e+000
 0.0000000e+000
 0.0000000e+000
 0.0000000e+000
 0.0000000e+000
 0.0000000e+000
 0.0000000e+000
 0.0000000e+000
 0.0000000e+000
 0.0000000e+000
 0.0000000e+000
 0.0000000e+000
 0.0000000e+000
 0.0000000e+000
 0.0000000e+000
 0.0000000e+000
 0.0000000e+000
 0.0000000e+000
 0.0000000e+000
 0.0000000e+000
 0.0000000e+000
 0.0000000e+000
 0.0000000e+000
 0.0000000e+000
 0.0000000e+000
 0.0000000e+000
 0.0000000e+000
 0.0000000e+000
 0.0000000e+000
 0.0000000e+000
 0.0000000e+000
 0.0000000e+000
 0.0000000e+000
 0.0000000e+000
 0.0000000e+000
 0.0000000e+000
 0.0000000e+000
 0.0000000e+000
 0.0000000e+000
 0.0000000e+000
 0.0000000e+000
 0.0000000e+000
 0.0000000e+000
 0.0000000e+000
 0.0000000e+000
 0.0000000e+000
 0.0000000e+000
 0.0000000e+000
 0.0000000e+000
 0.0000000e+000
 0.0000000e+000
 0.0000000e+000
 0.0000000e+000
 0.0000000e+000
 0.0000000e+000
 0.0000000e+000
 0.0000000e+000
 0.0000000e+000
 0.0000000e+000
 0.0000000e+000
 0.0000000e+000
 0.0000000e+000
 0.0000000e+000
 0.0000000e+000
 0.0000000e+000
 0.0000000e+000
 0.0000000e+000
 0.0000000e+000
 0.0000000e+000
 0.0000000e+000
 0.0000000e+000
 0.0000000e+000
 0.0000000e+000
 0.0000000e+000
 0.0000000e+000
 0.0000000e+000
 0.0000000e+000
 0.0000000e+000
 0.0000000e+000
 0.0000000e+000
 0.0000000e+000
 0.0000000e+000
 0.0000000e+000
 0.0000000e+000
 0.0000000e+000
 0.0000000e+000
 0.0000000e+000
 0.0000000e+000
 0.0000000e+000
 0.0000000e+000
 0.0000000e+000
 0.0000000e+000
 0.0000000e+000
 0.0000000e+000
 0.0000000e+000
 0.0000000e+000
 0.0000000e+000
 0.0000000e+000
 0.0000000e+000
 0.0000000e+000
 0.0000000e+000
 0.0000000e+000
 0.0000000e+000
 0.0000000e+000
 0.0000000e+000
 0.0000000e+000
 0.0000000e+000
 0.0000000e+000
 0.0000000e+000
 0.0000000e+000
 0.0000000e+000
 0.0000000e+000
 0.0000000e+000
 0.0000000e+000
 0.0000000e+000
 0.0000000e+000
 0.0000000e+000
 0.0000000e+000
 0.0000000e+000
 0.0000000e+000
 0.0000000e+000
 0.0000000e+000
 0.0000000e+000
 0.0000000e+000
 0.0000000e+000
 0.0000000e+000
 0.0000000e+000
 0.0000000e+000
 0.0000000e+000
 0.0000000e+000
 0.0000000e+000
 0.0000000e+000
 0.0000000e+000
 0.0000000e+000
 0.0000000e+000
 0.0000000e+000
 0.0000000e+000
 0.0000000e+000
 0.0000000e+000
 0.0000000e+000
 0.0000000e+000
 0.0000000e+000
 0.0000000e+000
 0.0000000e+000
 0.0000000e+000
 0.0000000e+000
 0.0000000e+000
 0.0000000e+000
 0.0000000e+000
 0.0000000e+000
 0.0000000e+000
 0.0000000e+000
 0.0000000e+000
 0.0000000e+000
 0.0000000e+000
 0.0000000e+000
 0.0000000e+000
 0.0000000e+000
 0.0000000e+000
 0.0000000e+000
 0.0000000e+000
 0.0000000e+000
 0.0000000e+000
 0.0000000e+000
 0.0000000e+000
 0.0000000e+000
 0.0000000e+000
 0.0000000e+000
 0.0000000e+000
 0.0000000e+000
 0.0000000e+000
 0.0000000e+000
 0.0000000e+000
 0.0000000e+000
 0.0000000e+000
 0.0000000e+000
 0.0000000e+000
 0.0000000e+000
 0.0000000e+000
 0.0000000e+000
 0.0000000e+000
 0.0000000e+000
 0.0000000e+000
 0.0000000e+000
 0.0000000e+000
 0.0000000e+000
 0.0000000e+000
 0.0000000e+000
 0.0000000e+000
 0.0000000e+000
 0.0000000e+000
 0.0000000e+000
 0.0000000e+000
 0.0000000e+000
 0.0000000e+000
 0.0000000e+000
 0.0000000e+000
 0.0000000e+000
 0.0000000e+000
 0.0000000e+000
 0.0000000e+000
 0.0000000e+000
 0.0000000e+000
 0.0000000e+000
 0.0000000e+000
 0.0000000e+000
 0.0000000e+000
 0.0000000e+000
 0.0000000e+000
 0.0000000e+000
 0.0000000e+000
 0.0000000e+000
 0.0000000e+000
 0.0000000e+000
 0.0000000e+000
 0.0000000e+000
 0.0000000e+000
 0.0000000e+000
 0.0000000e+000
 0.0000000e+000
 0.0000000e+000
 0.0000000e+000
 0.0000000e+000
 0.0000000e+000
 0.0000000e+000
 0.0000000e+000
 0.0000000e+000
 0.0000000e+000
 0.0000000e+000
 0.0000000e+000
 0.0000000e+000
 0.0000000e+000
 0.0000000e+000
 0.0000000e+000
 0.0000000e+000
 0.0000000e+000
 0.0000000e+000
 0.0000000e+000
 0.0000000e+000
 0.0000000e+000
 0.0000000e+000
 0.0000000e+000
 0.0000000e+000
 0.0000000e+000
 0.0000000e+000
 0.0000000e+000
 0.0000000e+000
 0.0000000e+000
 0.0000000e+000
 0.0000000e+000
 0.0000000e+000
 0.0000000e+000
 0.0000000e+000
 0.0000000e+000
 0.0000000e+000
 0.0000000e+000
 0.0000000e+000
 0.0000000e+000
 0.0000000e+000
 0.0000000e+000
 0.0000000e+000
 0.0000000e+000
 0.0000000e+000
 0.0000000e+000
 0.0000000e+000
 0.0000000e+000
 0.0000000e+000
 0.0000000e+000
 0.0000000e+000
 0.0000000e+000
 0.0000000e+000
 0.0000000e+000
 0.0000000e+000
 0.0000000e+000
 0.0000000e+000
 0.0000000e+000
 0.0000000e+000
 0.0000000e+000
 0.0000000e+000
 0.0000000e+000
 0.0000000e+000
 0.0000000e+000
 0.0000000e+000
 0.0000000e+000
 0.0000000e+000
 0.0000000e+000
 0.0000000e+000
 0.0000000e+000
 0.0000000e+000
 0.0000000e+000
 0.0000000e+000
 0.0000000e+000
 0.0000000e+000
 0.0000000e+000
 0.0000000e+000
 0.0000000e+000
 0.0000000e+000
 0.0000000e+000
 0.0000000e+000
 0.0000000e+000
 0.0000000e+000
 0.0000000e+000
 0.0000000e+000
 0.0000000e+000
 0.0000000e+000
 0.0000000e+000
 0.0000000e+000
 0.0000000e+000
 0.0000000e+000
 0.0000000e+000
 0.0000000e+000
 0.0000000e+000
 0.0000000e+000
 0.0000000e+000
 0.0000000e+000
 0.0000000e+000
 0.0000000e+000
 0.0000000e+000
 0.0000000e+000
 0.0000000e+000
 0.0000000e+000
 0.0000000e+000
 0.0000000e+000
 0.0000000e+000
 0.0000000e+000
 0.0000000e+000
 0.0000000e+000
 0.0000000e+000
 0.0000000e+000
 0.0000000e+000
 0.0000000e+000
 0.0000000e+000
 0.0000000e+000
 0.0000000e+000
 0.0000000e+000
 0.0000000e+000
 0.0000000e+000
 0.0000000e+000
 0.0000000e+000
 0.0000000e+000
 0.0000000e+000
 0.0000000e+000
 0.0000000e+000
 0.0000000e+000
 0.0000000e+000
 0.0000000e+000
 0.0000000e+000
 0.0000000e+000
 0.0000000e+000
 0.0000000e+000
 0.0000000e+000
 0.0000000e+000
 0.0000000e+000
 0.0000000e+000
 0.0000000e+000
 0.0000000e+000
 0.0000000e+000
 0.0000000e+000
 0.0000000e+000
 0.0000000e+000
 0.0000000e+000
 0.0000000e+000
 0.0000000e+000
 0.0000000e+000
 0.0000000e+000
 0.0000000e+000
 0.0000000e+000
 0.0000000e+000
 0.0000000e+000
 0.0000000e+000
 0.0000000e+000
 0.0000000e+000
 0.0000000e+000
 0.0000000e+000
 0.0000000e+000
 0.0000000e+000
 0.0000000e+000
 0.0000000e+000
 0.0000000e+000
 0.0000000e+000
 0.0000000e+000
 0.0000000e+000
 0.0000000e+000
 0.0000000e+000
 0.0000000e+000
 0.0000000e+000
 0.0000000e+000
 0.0000000e+000
 0.0000000e+000
 0.0000000e+000
 0.0000000e+000
 0.0000000e+000
 0.0000000e+000
 0.0000000e+000
 0.0000000e+000
 0.0000000e+000
 0.0000000e+000
 0.0000000e+000
 0.0000000e+000
 0.0000000e+000
 0.0000000e+000
 0.0000000e+000
 0.0000000e+000
 0.0000000e+000
 0.0000000e+000
 0.0000000e+000
 0.0000000e+000
 0.0000000e+000
 0.0000000e+000
 0.0000000e+000
 0.0000000e+000
 0.0000000e+000
 0.0000000e+000
 0.0000000e+000
 0.0000000e+000
 0.0000000e+000
 0.0000000e+000
 0.0000000e+000
 0.0000000e+000
 0.0000000e+000
 0.0000000e+000
 0.0000000e+000
 0.0000000e+000
 0.0000000e+000
 0.0000000e+000
 0.0000000e+000
 0.0000000e+000
 0.0000000e+000
 0.0000000e+000
 0.0000000e+000
 0.0000000e+000
 0.0000000e+000
 0.0000000e+000
 0.0000000e+000
 0.0000000e+000
 0.0000000e+000
 0.0000000e+000
 0.0000000e+000
 0.0000000e+000
 0.0000000e+000
 0.0000000e+000
 0.0000000e+000
 0.0000000e+000
 0.0000000e+000
 0.0000000e+000
 0.0000000e+000
 0.0000000e+000
 0.0000000e+000
 0.0000000e+000
 0.0000000e+000
 0.0000000e+000
 0.0000000e+000
 0.0000000e+000
 0.0000000e+000
 0.0000000e+000
 0.0000000e+000
 0.0000000e+000
 0.0000000e+000
 0.0000000e+000
 0.0000000e+000
 0.0000000e+000
 0.0000000e+000
 0.0000000e+000
 0.0000000e+000
 0.0000000e+000
 0.0000000e+000
 0.0000000e+000
 0.0000000e+000
 0.0000000e+000
 0.0000000e+000
 0.0000000e+000
 0.0000000e+000
 0.0000000e+000
 0.0000000e+000
 0.0000000e+000
 0.0000000e+000
 0.0000000e+000
 0.0000000e+000
 0.0000000e+000
 0.0000000e+000
 0.0000000e+000
 0.0000000e+000
 0.0000000e+000
 0.0000000e+000
 0.0000000e+000
 0.0000000e+000
 0.0000000e+000
 0.0000000e+000
 0.0000000e+000
 0.0000000e+000
 0.0000000e+000
 0.0000000e+000
 0.0000000e+000
 0.0000000e+000
 0.0000000e+000
 0.0000000e+000
 0.0000000e+000
 0.0000000e+000
 0.0000000e+000
 0.0000000e+000
 0.0000000e+000
 0.0000000e+000
 0.0000000e+000
 0.0000000e+000
 0.0000000e+000
 0.0000000e+000
 0.0000000e+000
 0.0000000e+000
 0.0000000e+000
 0.0000000e+000
 0.0000000e+000
 0.0000000e+000
 0.0000000e+000
 0.0000000e+000
 0.0000000e+000
 0.0000000e+000
 0.0000000e+000
 0.0000000e+000
 0.0000000e+000
 0.0000000e+000
 0.0000000e+000
 0.0000000e+000
 0.0000000e+000
 0.0000000e+000
 0.0000000e+000
 0.0000000e+000
 0.0000000e+000
 0.0000000e+000
 0.0000000e+000
 0.0000000e+000
 0.0000000e+000
 0.0000000e+000
 0.0000000e+000
 0.0000000e+000
 0.0000000e+000
 0.0000000e+000
 0.0000000e+000
 0.0000000e+000
 0.0000000e+000
 0.0000000e+000
 0.0000000e+000
 0.0000000e+000
 0.0000000e+000
 0.0000000e+000
 0.0000000e+000
 0.0000000e+000
 0.0000000e+000
 0.0000000e+000
 0.0000000e+000
 0.0000000e+000
 0.0000000e+000
 0.0000000e+000
 0.0000000e+000
 0.0000000e+000
