 S07WV3 Record=67: SRF Band 8 WorldView3 NIR2              
 4.4699999e-007
 3.8900001e-007
 3.3600000e-007
 3.0600000e-007
 2.5400001e-007
 2.9000000e-007
 2.9800000e-007
 2.4200000e-007
 1.7100000e-007
 2.0000000e-007
 2.0300000e-007
 1.4900000e-007
 1.1300000e-007
 1.3700000e-007
 1.0000000e-007
 7.4100001e-008
 1.3200000e-007
 2.0700000e-007
 2.9399999e-007
 2.7700000e-007
 2.7100000e-007
 2.1699999e-007
 2.0800000e-007
 2.7100000e-007
 2.2899999e-007
 1.8000000e-007
 1.7200000e-007
 1.2700001e-007
 1.7000001e-007
 2.4700000e-007
 2.8900001e-007
 5.3000002e-007
 5.2600001e-007
 4.7399999e-007
 5.1299997e-007
 7.5000003e-007
 9.8800001e-007
 1.1700000e-006
 1.0300000e-006
 8.8399997e-007
 2.9600000e-007
 7.4600001e-007
 7.0300001e-007
 1.5200000e-007
 1.5600000e-009
 3.4100001e-011
 1.8300000e-008
 1.9200000e-008
 3.8800000e-008
 3.8900001e-008
 9.1700002e-008
 6.8699997e-008
 1.2900000e-008
 4.4899999e-009
 2.7999999e-007
 4.4999999e-007
 9.6199997e-008
 7.7300001e-008
 2.0100000e-008
 2.5600000e-010
 5.1499999e-011
 8.1600000e-008
 1.9400000e-008
 5.4000001e-008
 3.3300001e-008
 5.3600000e-009
 5.8299997e-011
 5.8800000e-011
 5.1099999e-008
 5.7800001e-008
 7.1899997e-008
 4.0500002e-008
 7.3400002e-009
 1.7400000e-008
 3.3800001e-009
 6.0900000e-011
 2.0299999e-009
 4.2300000e-010
 4.5800000e-008
 5.1800001e-008
 3.6500001e-008
 5.4400001e-008
 3.9899999e-007
 6.5099999e-007
 3.6800000e-007
 7.8900001e-007
 1.0200000e-006
 7.3400003e-007
 2.6199999e-007
 2.3500000e-008
 3.2999999e-008
 2.9500001e-007
 3.9300001e-008
 1.0000000e-007
 7.6600003e-007
 3.3200001e-007
 1.3300000e-007
 1.2800000e-008
 5.5800001e-008
 2.9500001e-007
 4.2299999e-007
 1.2199999e-006
 8.1700000e-007
 1.3200000e-006
 1.7800000e-006
 1.4300000e-006
 6.0899998e-007
 1.6200000e-006
 1.3400000e-006
 6.4400001e-007
 9.2800001e-008
 1.0900000e-006
 2.3800001e-006
 1.5900000e-006
 2.7900001e-006
 2.9700000e-006
 2.7399999e-006
 1.6900000e-006
 1.7700000e-006
 2.6099999e-006
 2.8899999e-006
 1.1300000e-006
 1.4400000e-006
 8.0699999e-007
 5.8900002e-007
 2.6200000e-008
 8.4600003e-008
 3.7100001e-009
 1.4700000e-008
 2.0100001e-007
 9.2699997e-007
 1.6400001e-006
 9.1400000e-007
 1.8200000e-006
 7.5999998e-007
 1.0200000e-007
 4.4200000e-008
 3.6099999e-007
 1.7799999e-007
 1.9800000e-007
 7.7899998e-008
 1.9100000e-007
 2.4799999e-007
 4.3599999e-007
 4.8400000e-007
 7.1099998e-007
 9.0100002e-007
 1.7000001e-007
 5.6400001e-008
 5.8500000e-008
 1.5300000e-007
 4.2299999e-007
 4.5799999e-007
 1.1100000e-006
 4.8599998e-007
 9.5499999e-008
 5.5099999e-008
 6.6900000e-008
 6.3500001e-009
 2.1200000e-007
 1.4200000e-007
 2.7499999e-007
 7.0499999e-007
 2.2200000e-007
 4.6299999e-007
 4.3599999e-007
 1.7399999e-007
 7.1499997e-008
 3.0500000e-009
 5.7099999e-008
 9.0599997e-008
 7.1599999e-007
 3.3700001e-006
 9.8500004e-006
 1.0600000e-005
 4.5900001e-006
 7.9699998e-007
 5.8699999e-007
 8.6900002e-008
 1.1200000e-007
 8.9500003e-007
 1.9100000e-007
 1.1600000e-010
 6.5700000e-008
 8.0100000e-007
 1.2199999e-006
 1.4700000e-006
 2.4799999e-006
 2.6600001e-006
 1.5300000e-006
 7.2500001e-008
 7.7499998e-009
 1.3899999e-007
 5.5800001e-007
 1.4900000e-008
 1.8100000e-007
 5.2399997e-007
 3.2599999e-007
 9.5499999e-008
 6.5799998e-007
 3.4300001e-006
 4.6800001e-006
 3.1300001e-006
 1.2900000e-006
 9.1199999e-009
 5.5700002e-007
 3.2500000e-006
 3.8900001e-007
 1.2100000e-007
 4.5600001e-007
 2.2199999e-006
 1.7600000e-007
 5.6899999e-008
 1.9600000e-007
 1.1000000e-006
 8.8500002e-008
 1.5200000e-007
 2.0000000e-007
 3.7600000e-007
 7.5200001e-007
 3.3399999e-006
 1.3300000e-010
 1.7900000e-007
 9.5199999e-007
 4.4199999e-007
 1.1300000e-007
 1.1400000e-007
 3.0499999e-007
 1.0799999e-006
 1.0400000e-006
 4.8400000e-008
 1.1800000e-007
 2.0800000e-007
 7.3899997e-007
 7.6900001e-008
 1.6600001e-007
 3.9299999e-007
 1.2400000e-006
 1.2199999e-006
 3.3200001e-007
 3.8600001e-007
 7.9599999e-007
 6.2999999e-007
 6.1100002e-007
 1.1900000e-006
 1.9900001e-006
 6.2399999e-007
 3.0999999e-007
 3.3900000e-007
 3.4900000e-007
 2.3900000e-007
 3.3100000e-007
 2.8700001e-007
 3.4300001e-007
 3.0199999e-007
 2.5300000e-007
 2.6600000e-007
 1.7000001e-007
 6.5199998e-007
 4.6100001e-007
 1.7700000e-007
 4.2299999e-007
 5.9400003e-007
 5.8199998e-007
 9.0399999e-007
 2.2200000e-007
 5.0000000e-007
 1.7600000e-006
 1.9100000e-006
 1.4600000e-007
 1.1400000e-006
 3.1300001e-006
 1.2199999e-006
 6.2600002e-008
 1.0200000e-006
 2.1799999e-006
 2.4100001e-007
 2.4600001e-007
 1.5600000e-007
 8.7500001e-007
 2.5800000e-006
 1.7500000e-006
 2.3000000e-007
 1.6600000e-006
 3.9600000e-006
 1.1300000e-006
 2.3800000e-007
 7.2500001e-007
 1.7000000e-006
 1.1000000e-006
 2.8299999e-007
 1.2800000e-007
 9.1799997e-008
 4.4000001e-007
 5.6099998e-007
 1.9500000e-007
 7.2699999e-007
 1.0799999e-006
 1.1300000e-007
 5.1699999e-007
 8.2299999e-007
 2.9500001e-007
 5.0099999e-007
 1.1700000e-006
 7.7800001e-007
 1.6000000e-007
 5.0199998e-007
 7.6800001e-007
 1.7900000e-007
 1.1000000e-006
 2.1599999e-006
 5.7199998e-007
 2.0600000e-007
 1.2900000e-006
 1.7999999e-006
 1.3099999e-007
 1.5800000e-006
 2.5300001e-006
 1.1100000e-007
 1.3500000e-006
 3.7499999e-006
 2.8800000e-006
 7.9899998e-008
 2.6600001e-006
 3.8500002e-006
 1.0100000e-007
 9.6900003e-008
 6.0200001e-008
 7.4600001e-007
 1.0799999e-006
 1.8400000e-007
 3.4199999e-007
 1.3900000e-006
 1.6900000e-006
 1.8700000e-010
 7.9099999e-007
 1.1700000e-006
 1.4900000e-007
 2.7600001e-007
 3.5700000e-007
 5.1499999e-008
 1.1200000e-007
 8.9200000e-007
 1.0500000e-006
 6.3000002e-008
 5.2500002e-007
 1.1800000e-006
 7.5600002e-007
 4.0899999e-007
 9.7199995e-007
 5.8299997e-007
 2.0600000e-007
 2.2499999e-007
 1.8599999e-010
 1.7200000e-006
 2.4200001e-006
 5.4200001e-007
 4.7700000e-009
 1.0500000e-006
 3.2500000e-006
 2.2800000e-006
 1.8300000e-010
 1.4700000e-006
 2.8500001e-006
 1.3600001e-006
 1.8200000e-010
 1.9600000e-007
 1.3500000e-006
 1.4500000e-006
 2.9500001e-007
 1.8300000e-010
 1.6300000e-006
 1.6100000e-006
 3.8200000e-008
 6.5199998e-007
 9.0300000e-007
 2.7100000e-007
 6.6799998e-007
 2.2600000e-006
 1.4900000e-006
 3.2700001e-008
 2.2400000e-006
 1.9500001e-006
 6.4200002e-008
 5.5600001e-008
 1.3300000e-006
 1.1300000e-006
 1.8599999e-010
 9.7399997e-008
 8.8700000e-007
 6.6100000e-007
 3.3399999e-008
 2.2099999e-007
 6.8100002e-007
 4.4500001e-007
 2.2900000e-008
 5.4400001e-008
 1.4800000e-007
 8.1300001e-008
 1.4800000e-008
 9.7200001e-008
 6.3599998e-008
 1.7700000e-010
 1.7600001e-010
 7.5800000e-007
 7.0999999e-007
 2.8800000e-007
 1.8999999e-007
 1.0600000e-006
 8.1200000e-007
 7.9400003e-008
 3.1399999e-008
 3.3600000e-007
 3.3399999e-007
 2.2800000e-007
 2.3999999e-007
 1.1400000e-006
 1.3300000e-006
 5.3299999e-007
 3.5400001e-007
 1.1200000e-006
 3.3399999e-006
 1.7400000e-006
 3.4599999e-008
 1.6600001e-010
 3.0100000e-006
 1.7600000e-006
 1.6600001e-010
 9.0000000e-008
 1.6900000e-007
 3.6300000e-007
 5.0400001e-007
 5.8199998e-007
 6.0100001e-007
 5.2000001e-007
 1.6700000e-007
 3.9100001e-008
 1.1400000e-007
 4.9000001e-008
 8.5400001e-007
 1.5700000e-006
 6.4699998e-007
 3.6100001e-008
 1.4300000e-006
 1.5300000e-006
 4.3599999e-007
 1.8199999e-007
 9.6099996e-007
 7.8800002e-007
 7.9300003e-007
 4.5499999e-007
 4.7200001e-007
 2.5300000e-007
 7.7800001e-007
 5.5300001e-007
 9.8100003e-008
 1.1200000e-007
 6.2300001e-007
 5.4300000e-007
 4.7300000e-007
 1.4299999e-007
 1.9600000e-007
 1.3900000e-006
 1.0400000e-006
 4.9900001e-007
 1.7300000e-007
 2.4700000e-006
 1.2100001e-006
 1.0600000e-007
 1.4000000e-010
 6.6899997e-007
 5.3899998e-007
 1.2200000e-007
 6.9599997e-007
 6.6799998e-007
 4.9900001e-007
 1.0500000e-006
 4.5600001e-007
 5.0099999e-007
 1.5099999e-007
 7.7099997e-007
 9.2699997e-007
 1.5500000e-006
 1.0200000e-006
 7.4399998e-007
 3.2900000e-006
 4.7700000e-006
 3.6700001e-006
 3.2700000e-006
 1.1900000e-005
 1.7300001e-005
 1.5300000e-005
 2.4499999e-005
 4.0499999e-005
 6.0200000e-005
 8.6100001e-005
 1.2600000e-004
 1.9300000e-004
 4.0449998e-003
 4.5079999e-003
 5.0039999e-003
 5.6130001e-003
 6.2480001e-003
 7.9859998e-003
 1.0001000e-002
 1.5480000e-002
 2.1799000e-002
 4.0770002e-002
 6.2711999e-002
 1.2586100e-001
 1.9845100e-001
 3.3707601e-001
 4.9037799e-001
 6.5129799e-001
 8.1417298e-001
 8.9890498e-001
 9.6772403e-001
 9.8877102e-001
 1.0000000e+000
 9.9898601e-001
 9.9595499e-001
 9.8864198e-001
 9.8042703e-001
 9.7142899e-001
 9.6211898e-001
 9.5310199e-001
 9.4405597e-001
 9.3626702e-001
 9.2891002e-001
 9.2122000e-001
 9.1344398e-001
 9.0522301e-001
 8.9682698e-001
 8.8855600e-001
 8.8043702e-001
 8.7178701e-001
 8.6305702e-001
 8.5544097e-001
 8.4796500e-001
 8.3959699e-001
 8.3033699e-001
 8.2096601e-001
 8.1200498e-001
 8.0569202e-001
 8.0044103e-001
 7.9548800e-001
 7.8966397e-001
 7.8312403e-001
 7.7714700e-001
 7.7235198e-001
 7.6760000e-001
 7.6110399e-001
 7.5366801e-001
 7.4623299e-001
 7.3907602e-001
 7.3271400e-001
 7.2682202e-001
 7.2321999e-001
 7.1972901e-001
 7.1507299e-001
 7.1042699e-001
 7.0634001e-001
 7.0180202e-001
 6.9609201e-001
 6.9041699e-001
 6.8593800e-001
 6.8178397e-001
 6.7678797e-001
 6.7138600e-001
 6.6602403e-001
 6.6078800e-001
 6.5605301e-001
 6.5162998e-001
 6.4688402e-001
 6.4203000e-001
 6.3687903e-001
 6.3146400e-001
 6.2587500e-001
 6.2020999e-001
 6.1408800e-001
 6.0811001e-001
 6.0202599e-001
 5.9612697e-001
 5.9127098e-001
 5.8614200e-001
 5.7963002e-001
 5.7299602e-001
 5.6719798e-001
 5.6170601e-001
 5.5530500e-001
 5.4879999e-001
 5.4294598e-001
 5.3680497e-001
 5.3152603e-001
 5.2640700e-001
 5.2005702e-001
 5.1381302e-001
 5.0718498e-001
 5.0033098e-001
 4.9312401e-001
 4.8607299e-001
 4.7950301e-001
 4.7297201e-001
 4.6735200e-001
 4.6152201e-001
 4.5466101e-001
 4.4791901e-001
 4.4146001e-001
 4.3489799e-001
 4.2919901e-001
 4.2369899e-001
 4.1762200e-001
 4.1137701e-001
 4.0523601e-001
 3.9887300e-001
 3.9190400e-001
 3.8519299e-001
 3.7937301e-001
 3.7358099e-001
 3.6807701e-001
 3.6251500e-001
 3.5574099e-001
 3.4891099e-001
 3.4317601e-001
 3.3744201e-001
 3.3100900e-001
 3.2461500e-001
 3.1916401e-001
 3.1374401e-001
 3.0873099e-001
 3.0376399e-001
 2.9890800e-001
 2.9395500e-001
 2.8900900e-001
 2.8409600e-001
 2.7956301e-001
 2.7520400e-001
 2.7166399e-001
 2.6800099e-001
 2.6367199e-001
 2.5931901e-001
 2.5499600e-001
 2.5066501e-001
 2.4623699e-001
 2.4184699e-001
 2.3760100e-001
 2.3333600e-001
 2.2901800e-001
 2.2483200e-001
 2.2163600e-001
 2.1822999e-001
 2.1355900e-001
 2.0902500e-001
 2.0541701e-001
 2.0179699e-001
 1.9813199e-001
 1.9461800e-001
 1.9191000e-001
 1.8899700e-001
 1.8488599e-001
 1.8093100e-001
 1.7791501e-001
 1.7482200e-001
 1.7144100e-001
 1.6790900e-001
 1.6371900e-001
 1.5964200e-001
 1.5608700e-001
 1.5279800e-001
 1.5069200e-001
 1.4832200e-001
 1.4477500e-001
 1.4147100e-001
 1.3933501e-001
 1.3702700e-001
 1.3397600e-001
 1.3107599e-001
 1.2886301e-001
 1.2652300e-001
 1.2359100e-001
 1.2076600e-001
 1.1833400e-001
 1.1536200e-001
 1.1039700e-001
 1.0499500e-001
 9.8007001e-002
 8.9916997e-002
 7.7797003e-002
 6.5583996e-002
 5.3059999e-002
 4.1083001e-002
 3.1044999e-002
 2.2039000e-002
 1.6202999e-002
 1.1028000e-002
 8.0469996e-003
 5.4440000e-003
 4.0679998e-003
 2.8760000e-003
 2.2670000e-003
 1.7049999e-003
 1.2750000e-003
 9.1200002e-004
 7.3099998e-004
 5.7199999e-004
 4.9300003e-004
 4.1000001e-004
 3.5399999e-004
 2.9800000e-004
 2.2800000e-004
 1.7000000e-004
 1.2899999e-004
 8.0400001e-005
 8.4400002e-005
 6.9599999e-005
 5.5000000e-005
 3.7900001e-005
 3.0499999e-005
 2.7100001e-005
 2.1899999e-005
 1.8799999e-005
 1.5400001e-005
 1.3600000e-005
 1.1100000e-005
 8.1199996e-006
 6.6500002e-006
 6.1599999e-006
 5.1500001e-006
 3.9400002e-006
 3.3100000e-006
 2.4799999e-006
 2.1799999e-006
 1.6499999e-006
 1.3900000e-006
 1.3400000e-006
 1.1700000e-006
 1.2900000e-006
 1.1000000e-006
 9.6400004e-007
 8.3300000e-007
 6.5400002e-007
 5.8500001e-007
 4.4999999e-007
 3.7100000e-007
 3.9299999e-007
 3.9700001e-007
 3.5700000e-007
 3.3800001e-007
 3.0100000e-007
 3.0199999e-007
 3.0199999e-007
 0.0000000e+000
 0.0000000e+000
 0.0000000e+000
 0.0000000e+000
 0.0000000e+000
 0.0000000e+000
 0.0000000e+000
 0.0000000e+000
 0.0000000e+000
 0.0000000e+000
 0.0000000e+000
 0.0000000e+000
 0.0000000e+000
 0.0000000e+000
 0.0000000e+000
 0.0000000e+000
 0.0000000e+000
 0.0000000e+000
 0.0000000e+000
 0.0000000e+000
 0.0000000e+000
 0.0000000e+000
 0.0000000e+000
 0.0000000e+000
 0.0000000e+000
 0.0000000e+000
 0.0000000e+000
 0.0000000e+000
 0.0000000e+000
 0.0000000e+000
 0.0000000e+000
 0.0000000e+000
 0.0000000e+000
 0.0000000e+000
 0.0000000e+000
 0.0000000e+000
 0.0000000e+000
 0.0000000e+000
 0.0000000e+000
 0.0000000e+000
 0.0000000e+000
 0.0000000e+000
 0.0000000e+000
 0.0000000e+000
 0.0000000e+000
 0.0000000e+000
 0.0000000e+000
 0.0000000e+000
 0.0000000e+000
 0.0000000e+000
 0.0000000e+000
 0.0000000e+000
 0.0000000e+000
 0.0000000e+000
 0.0000000e+000
 0.0000000e+000
 0.0000000e+000
 0.0000000e+000
 0.0000000e+000
 0.0000000e+000
 0.0000000e+000
 0.0000000e+000
 0.0000000e+000
 0.0000000e+000
 0.0000000e+000
 0.0000000e+000
 0.0000000e+000
 0.0000000e+000
 0.0000000e+000
 0.0000000e+000
 0.0000000e+000
 0.0000000e+000
 0.0000000e+000
 0.0000000e+000
 0.0000000e+000
 0.0000000e+000
 0.0000000e+000
 0.0000000e+000
 0.0000000e+000
 0.0000000e+000
 0.0000000e+000
 0.0000000e+000
 0.0000000e+000
 0.0000000e+000
 0.0000000e+000
 0.0000000e+000
 0.0000000e+000
 0.0000000e+000
 0.0000000e+000
 0.0000000e+000
 0.0000000e+000
 0.0000000e+000
 0.0000000e+000
 0.0000000e+000
 0.0000000e+000
 0.0000000e+000
 0.0000000e+000
 0.0000000e+000
 0.0000000e+000
 0.0000000e+000
 0.0000000e+000
 0.0000000e+000
 0.0000000e+000
 0.0000000e+000
 0.0000000e+000
 0.0000000e+000
 0.0000000e+000
 0.0000000e+000
 0.0000000e+000
 0.0000000e+000
 0.0000000e+000
 0.0000000e+000
 0.0000000e+000
 0.0000000e+000
 0.0000000e+000
 0.0000000e+000
 0.0000000e+000
 0.0000000e+000
 0.0000000e+000
 0.0000000e+000
 0.0000000e+000
 0.0000000e+000
 0.0000000e+000
 0.0000000e+000
 0.0000000e+000
 0.0000000e+000
 0.0000000e+000
 0.0000000e+000
 0.0000000e+000
 0.0000000e+000
 0.0000000e+000
 0.0000000e+000
 0.0000000e+000
 0.0000000e+000
 0.0000000e+000
 0.0000000e+000
 0.0000000e+000
 0.0000000e+000
 0.0000000e+000
 0.0000000e+000
 0.0000000e+000
 0.0000000e+000
 0.0000000e+000
 0.0000000e+000
 0.0000000e+000
 0.0000000e+000
 0.0000000e+000
 0.0000000e+000
 0.0000000e+000
 0.0000000e+000
 0.0000000e+000
 0.0000000e+000
 0.0000000e+000
 0.0000000e+000
 0.0000000e+000
 0.0000000e+000
 0.0000000e+000
 0.0000000e+000
 0.0000000e+000
 0.0000000e+000
 0.0000000e+000
 0.0000000e+000
 0.0000000e+000
 0.0000000e+000
 0.0000000e+000
 0.0000000e+000
 0.0000000e+000
 0.0000000e+000
 0.0000000e+000
 0.0000000e+000
 0.0000000e+000
 0.0000000e+000
 0.0000000e+000
 0.0000000e+000
 0.0000000e+000
 0.0000000e+000
 0.0000000e+000
 0.0000000e+000
 0.0000000e+000
 0.0000000e+000
 0.0000000e+000
 0.0000000e+000
 0.0000000e+000
 0.0000000e+000
 0.0000000e+000
 0.0000000e+000
 0.0000000e+000
 0.0000000e+000
 0.0000000e+000
 0.0000000e+000
 0.0000000e+000
 0.0000000e+000
 0.0000000e+000
 0.0000000e+000
 0.0000000e+000
 0.0000000e+000
 0.0000000e+000
 0.0000000e+000
 0.0000000e+000
 0.0000000e+000
 0.0000000e+000
 0.0000000e+000
 0.0000000e+000
 0.0000000e+000
 0.0000000e+000
 0.0000000e+000
 0.0000000e+000
 0.0000000e+000
 0.0000000e+000
 0.0000000e+000
 0.0000000e+000
 0.0000000e+000
 0.0000000e+000
 0.0000000e+000
 0.0000000e+000
 0.0000000e+000
 0.0000000e+000
 0.0000000e+000
 0.0000000e+000
 0.0000000e+000
 0.0000000e+000
 0.0000000e+000
 0.0000000e+000
 0.0000000e+000
 0.0000000e+000
 0.0000000e+000
 0.0000000e+000
 0.0000000e+000
 0.0000000e+000
 0.0000000e+000
 0.0000000e+000
 0.0000000e+000
 0.0000000e+000
 0.0000000e+000
 0.0000000e+000
 0.0000000e+000
 0.0000000e+000
 0.0000000e+000
 0.0000000e+000
 0.0000000e+000
 0.0000000e+000
 0.0000000e+000
 0.0000000e+000
 0.0000000e+000
 0.0000000e+000
 0.0000000e+000
 0.0000000e+000
 0.0000000e+000
 0.0000000e+000
 0.0000000e+000
 0.0000000e+000
 0.0000000e+000
 0.0000000e+000
 0.0000000e+000
 0.0000000e+000
 0.0000000e+000
 0.0000000e+000
 0.0000000e+000
 0.0000000e+000
 0.0000000e+000
 0.0000000e+000
 0.0000000e+000
 0.0000000e+000
 0.0000000e+000
 0.0000000e+000
 0.0000000e+000
 0.0000000e+000
 0.0000000e+000
 0.0000000e+000
 0.0000000e+000
 0.0000000e+000
 0.0000000e+000
 0.0000000e+000
 0.0000000e+000
 0.0000000e+000
 0.0000000e+000
 0.0000000e+000
 0.0000000e+000
 0.0000000e+000
 0.0000000e+000
 0.0000000e+000
 0.0000000e+000
 0.0000000e+000
 0.0000000e+000
 0.0000000e+000
 0.0000000e+000
 0.0000000e+000
 0.0000000e+000
 0.0000000e+000
 0.0000000e+000
 0.0000000e+000
 0.0000000e+000
 0.0000000e+000
 0.0000000e+000
 0.0000000e+000
 0.0000000e+000
 0.0000000e+000
 0.0000000e+000
 0.0000000e+000
 0.0000000e+000
 0.0000000e+000
 0.0000000e+000
 0.0000000e+000
 0.0000000e+000
 0.0000000e+000
 0.0000000e+000
 0.0000000e+000
 0.0000000e+000
 0.0000000e+000
 0.0000000e+000
 0.0000000e+000
 0.0000000e+000
 0.0000000e+000
 0.0000000e+000
 0.0000000e+000
 0.0000000e+000
 0.0000000e+000
 0.0000000e+000
 0.0000000e+000
 0.0000000e+000
 0.0000000e+000
 0.0000000e+000
 0.0000000e+000
 0.0000000e+000
 0.0000000e+000
 0.0000000e+000
 0.0000000e+000
 0.0000000e+000
 0.0000000e+000
 0.0000000e+000
 0.0000000e+000
 0.0000000e+000
 0.0000000e+000
 0.0000000e+000
 0.0000000e+000
 0.0000000e+000
 0.0000000e+000
 0.0000000e+000
 0.0000000e+000
 0.0000000e+000
 0.0000000e+000
 0.0000000e+000
 0.0000000e+000
 0.0000000e+000
 0.0000000e+000
 0.0000000e+000
 0.0000000e+000
 0.0000000e+000
 0.0000000e+000
 0.0000000e+000
 0.0000000e+000
 0.0000000e+000
 0.0000000e+000
 0.0000000e+000
 0.0000000e+000
 0.0000000e+000
 0.0000000e+000
 0.0000000e+000
 0.0000000e+000
 0.0000000e+000
 0.0000000e+000
 0.0000000e+000
 0.0000000e+000
 0.0000000e+000
 0.0000000e+000
 0.0000000e+000
 0.0000000e+000
 0.0000000e+000
 0.0000000e+000
 0.0000000e+000
 0.0000000e+000
 0.0000000e+000
 0.0000000e+000
 0.0000000e+000
 0.0000000e+000
 0.0000000e+000
 0.0000000e+000
 0.0000000e+000
 0.0000000e+000
 0.0000000e+000
 0.0000000e+000
 0.0000000e+000
 0.0000000e+000
 0.0000000e+000
 0.0000000e+000
 0.0000000e+000
 0.0000000e+000
 0.0000000e+000
 0.0000000e+000
 0.0000000e+000
 0.0000000e+000
 0.0000000e+000
 0.0000000e+000
 0.0000000e+000
 0.0000000e+000
 0.0000000e+000
 0.0000000e+000
 0.0000000e+000
 0.0000000e+000
 0.0000000e+000
 0.0000000e+000
 0.0000000e+000
 0.0000000e+000
 0.0000000e+000
 0.0000000e+000
 0.0000000e+000
 0.0000000e+000
 0.0000000e+000
 0.0000000e+000
 0.0000000e+000
 0.0000000e+000
 0.0000000e+000
 0.0000000e+000
 0.0000000e+000
 0.0000000e+000
 0.0000000e+000
 0.0000000e+000
 0.0000000e+000
 0.0000000e+000
 0.0000000e+000
 0.0000000e+000
 0.0000000e+000
 0.0000000e+000
 0.0000000e+000
 0.0000000e+000
 0.0000000e+000
 0.0000000e+000
 0.0000000e+000
 0.0000000e+000
 0.0000000e+000
 0.0000000e+000
 0.0000000e+000
 0.0000000e+000
 0.0000000e+000
 0.0000000e+000
 0.0000000e+000
 0.0000000e+000
 0.0000000e+000
 0.0000000e+000
 0.0000000e+000
 0.0000000e+000
 0.0000000e+000
 0.0000000e+000
 0.0000000e+000
 0.0000000e+000
 0.0000000e+000
 0.0000000e+000
 0.0000000e+000
 0.0000000e+000
 0.0000000e+000
 0.0000000e+000
 0.0000000e+000
 0.0000000e+000
 0.0000000e+000
 0.0000000e+000
 0.0000000e+000
 0.0000000e+000
 0.0000000e+000
 0.0000000e+000
 0.0000000e+000
 0.0000000e+000
 0.0000000e+000
 0.0000000e+000
 0.0000000e+000
 0.0000000e+000
 0.0000000e+000
 0.0000000e+000
 0.0000000e+000
 0.0000000e+000
 0.0000000e+000
 0.0000000e+000
 0.0000000e+000
 0.0000000e+000
 0.0000000e+000
 0.0000000e+000
 0.0000000e+000
 0.0000000e+000
 0.0000000e+000
 0.0000000e+000
 0.0000000e+000
 0.0000000e+000
 0.0000000e+000
 0.0000000e+000
 0.0000000e+000
 0.0000000e+000
 0.0000000e+000
 0.0000000e+000
 0.0000000e+000
 0.0000000e+000
 0.0000000e+000
 0.0000000e+000
 0.0000000e+000
 0.0000000e+000
 0.0000000e+000
 0.0000000e+000
 0.0000000e+000
 0.0000000e+000
 0.0000000e+000
 0.0000000e+000
 0.0000000e+000
 0.0000000e+000
 0.0000000e+000
 0.0000000e+000
 0.0000000e+000
 0.0000000e+000
 0.0000000e+000
 0.0000000e+000
 0.0000000e+000
 0.0000000e+000
 0.0000000e+000
 0.0000000e+000
 0.0000000e+000
 0.0000000e+000
 0.0000000e+000
 0.0000000e+000
 0.0000000e+000
 0.0000000e+000
 0.0000000e+000
 0.0000000e+000
 0.0000000e+000
 0.0000000e+000
 0.0000000e+000
 0.0000000e+000
 0.0000000e+000
 0.0000000e+000
 0.0000000e+000
 0.0000000e+000
 0.0000000e+000
 0.0000000e+000
 0.0000000e+000
 0.0000000e+000
 0.0000000e+000
 0.0000000e+000
 0.0000000e+000
 0.0000000e+000
 0.0000000e+000
 0.0000000e+000
 0.0000000e+000
 0.0000000e+000
 0.0000000e+000
 0.0000000e+000
 0.0000000e+000
 0.0000000e+000
 0.0000000e+000
 0.0000000e+000
 0.0000000e+000
 0.0000000e+000
 0.0000000e+000
 0.0000000e+000
 0.0000000e+000
 0.0000000e+000
 0.0000000e+000
 0.0000000e+000
 0.0000000e+000
 0.0000000e+000
 0.0000000e+000
 0.0000000e+000
 0.0000000e+000
 0.0000000e+000
 0.0000000e+000
 0.0000000e+000
 0.0000000e+000
 0.0000000e+000
 0.0000000e+000
 0.0000000e+000
 0.0000000e+000
 0.0000000e+000
 0.0000000e+000
 0.0000000e+000
 0.0000000e+000
 0.0000000e+000
 0.0000000e+000
 0.0000000e+000
 0.0000000e+000
 0.0000000e+000
 0.0000000e+000
 0.0000000e+000
 0.0000000e+000
 0.0000000e+000
 0.0000000e+000
 0.0000000e+000
 0.0000000e+000
 0.0000000e+000
 0.0000000e+000
 0.0000000e+000
 0.0000000e+000
 0.0000000e+000
 0.0000000e+000
 0.0000000e+000
 0.0000000e+000
 0.0000000e+000
 0.0000000e+000
 0.0000000e+000
 0.0000000e+000
 0.0000000e+000
 0.0000000e+000
 0.0000000e+000
 0.0000000e+000
 0.0000000e+000
 0.0000000e+000
 0.0000000e+000
 0.0000000e+000
 0.0000000e+000
 0.0000000e+000
 0.0000000e+000
 0.0000000e+000
 0.0000000e+000
 0.0000000e+000
 0.0000000e+000
 0.0000000e+000
 0.0000000e+000
 0.0000000e+000
 0.0000000e+000
 0.0000000e+000
 0.0000000e+000
 0.0000000e+000
 0.0000000e+000
 0.0000000e+000
 0.0000000e+000
 0.0000000e+000
 0.0000000e+000
 0.0000000e+000
 0.0000000e+000
 0.0000000e+000
 0.0000000e+000
 0.0000000e+000
 0.0000000e+000
 0.0000000e+000
 0.0000000e+000
 0.0000000e+000
 0.0000000e+000
 0.0000000e+000
 0.0000000e+000
 0.0000000e+000
 0.0000000e+000
 0.0000000e+000
 0.0000000e+000
 0.0000000e+000
 0.0000000e+000
 0.0000000e+000
 0.0000000e+000
 0.0000000e+000
 0.0000000e+000
 0.0000000e+000
 0.0000000e+000
 0.0000000e+000
 0.0000000e+000
 0.0000000e+000
 0.0000000e+000
 0.0000000e+000
 0.0000000e+000
 0.0000000e+000
 0.0000000e+000
 0.0000000e+000
 0.0000000e+000
 0.0000000e+000
 0.0000000e+000
 0.0000000e+000
 0.0000000e+000
 0.0000000e+000
 0.0000000e+000
 0.0000000e+000
 0.0000000e+000
 0.0000000e+000
 0.0000000e+000
 0.0000000e+000
 0.0000000e+000
 0.0000000e+000
 0.0000000e+000
 0.0000000e+000
 0.0000000e+000
 0.0000000e+000
 0.0000000e+000
 0.0000000e+000
 0.0000000e+000
 0.0000000e+000
 0.0000000e+000
 0.0000000e+000
 0.0000000e+000
 0.0000000e+000
 0.0000000e+000
 0.0000000e+000
 0.0000000e+000
 0.0000000e+000
 0.0000000e+000
 0.0000000e+000
 0.0000000e+000
 0.0000000e+000
 0.0000000e+000
 0.0000000e+000
 0.0000000e+000
 0.0000000e+000
 0.0000000e+000
 0.0000000e+000
 0.0000000e+000
 0.0000000e+000
 0.0000000e+000
 0.0000000e+000
 0.0000000e+000
 0.0000000e+000
 0.0000000e+000
 0.0000000e+000
 0.0000000e+000
 0.0000000e+000
 0.0000000e+000
 0.0000000e+000
 0.0000000e+000
 0.0000000e+000
 0.0000000e+000
 0.0000000e+000
 0.0000000e+000
 0.0000000e+000
 0.0000000e+000
 0.0000000e+000
 0.0000000e+000
 0.0000000e+000
 0.0000000e+000
 0.0000000e+000
 0.0000000e+000
 0.0000000e+000
 0.0000000e+000
 0.0000000e+000
 0.0000000e+000
 0.0000000e+000
 0.0000000e+000
 0.0000000e+000
 0.0000000e+000
 0.0000000e+000
 0.0000000e+000
 0.0000000e+000
 0.0000000e+000
 0.0000000e+000
 0.0000000e+000
 0.0000000e+000
 0.0000000e+000
 0.0000000e+000
 0.0000000e+000
 0.0000000e+000
 0.0000000e+000
 0.0000000e+000
 0.0000000e+000
 0.0000000e+000
 0.0000000e+000
 0.0000000e+000
 0.0000000e+000
 0.0000000e+000
 0.0000000e+000
 0.0000000e+000
 0.0000000e+000
 0.0000000e+000
 0.0000000e+000
 0.0000000e+000
 0.0000000e+000
 0.0000000e+000
 0.0000000e+000
 0.0000000e+000
 0.0000000e+000
 0.0000000e+000
 0.0000000e+000
 0.0000000e+000
 0.0000000e+000
 0.0000000e+000
 0.0000000e+000
 0.0000000e+000
 0.0000000e+000
 0.0000000e+000
 0.0000000e+000
 0.0000000e+000
 0.0000000e+000
 0.0000000e+000
 0.0000000e+000
 0.0000000e+000
 0.0000000e+000
 0.0000000e+000
 0.0000000e+000
 0.0000000e+000
 0.0000000e+000
 0.0000000e+000
 0.0000000e+000
 0.0000000e+000
 0.0000000e+000
 0.0000000e+000
 0.0000000e+000
 0.0000000e+000
 0.0000000e+000
 0.0000000e+000
 0.0000000e+000
 0.0000000e+000
 0.0000000e+000
 0.0000000e+000
 0.0000000e+000
 0.0000000e+000
 0.0000000e+000
 0.0000000e+000
 0.0000000e+000
 0.0000000e+000
 0.0000000e+000
 0.0000000e+000
 0.0000000e+000
 0.0000000e+000
 0.0000000e+000
 0.0000000e+000
 0.0000000e+000
 0.0000000e+000
 0.0000000e+000
 0.0000000e+000
 0.0000000e+000
 0.0000000e+000
 0.0000000e+000
 0.0000000e+000
 0.0000000e+000
 0.0000000e+000
 0.0000000e+000
 0.0000000e+000
 0.0000000e+000
 0.0000000e+000
 0.0000000e+000
 0.0000000e+000
 0.0000000e+000
 0.0000000e+000
 0.0000000e+000
 0.0000000e+000
 0.0000000e+000
 0.0000000e+000
 0.0000000e+000
 0.0000000e+000
 0.0000000e+000
 0.0000000e+000
 0.0000000e+000
 0.0000000e+000
 0.0000000e+000
 0.0000000e+000
 0.0000000e+000
 0.0000000e+000
 0.0000000e+000
 0.0000000e+000
 0.0000000e+000
 0.0000000e+000
 0.0000000e+000
 0.0000000e+000
 0.0000000e+000
 0.0000000e+000
 0.0000000e+000
 0.0000000e+000
 0.0000000e+000
 0.0000000e+000
 0.0000000e+000
 0.0000000e+000
 0.0000000e+000
 0.0000000e+000
 0.0000000e+000
 0.0000000e+000
 0.0000000e+000
 0.0000000e+000
 0.0000000e+000
 0.0000000e+000
 0.0000000e+000
 0.0000000e+000
 0.0000000e+000
 0.0000000e+000
 0.0000000e+000
 0.0000000e+000
 0.0000000e+000
 0.0000000e+000
 0.0000000e+000
 0.0000000e+000
 0.0000000e+000
 0.0000000e+000
 0.0000000e+000
 0.0000000e+000
 0.0000000e+000
 0.0000000e+000
 0.0000000e+000
 0.0000000e+000
 0.0000000e+000
 0.0000000e+000
 0.0000000e+000
 0.0000000e+000
 0.0000000e+000
 0.0000000e+000
 0.0000000e+000
 0.0000000e+000
 0.0000000e+000
 0.0000000e+000
 0.0000000e+000
 0.0000000e+000
 0.0000000e+000
 0.0000000e+000
 0.0000000e+000
 0.0000000e+000
 0.0000000e+000
 0.0000000e+000
 0.0000000e+000
 0.0000000e+000
 0.0000000e+000
 0.0000000e+000
 0.0000000e+000
 0.0000000e+000
 0.0000000e+000
 0.0000000e+000
 0.0000000e+000
 0.0000000e+000
 0.0000000e+000
 0.0000000e+000
 0.0000000e+000
 0.0000000e+000
 0.0000000e+000
 0.0000000e+000
 0.0000000e+000
 0.0000000e+000
 0.0000000e+000
 0.0000000e+000
 0.0000000e+000
 0.0000000e+000
 0.0000000e+000
 0.0000000e+000
 0.0000000e+000
 0.0000000e+000
 0.0000000e+000
 0.0000000e+000
 0.0000000e+000
 0.0000000e+000
 0.0000000e+000
 0.0000000e+000
 0.0000000e+000
 0.0000000e+000
 0.0000000e+000
 0.0000000e+000
 0.0000000e+000
 0.0000000e+000
 0.0000000e+000
 0.0000000e+000
 0.0000000e+000
 0.0000000e+000
 0.0000000e+000
 0.0000000e+000
 0.0000000e+000
 0.0000000e+000
 0.0000000e+000
 0.0000000e+000
 0.0000000e+000
 0.0000000e+000
 0.0000000e+000
 0.0000000e+000
 0.0000000e+000
 0.0000000e+000
 0.0000000e+000
 0.0000000e+000
 0.0000000e+000
 0.0000000e+000
 0.0000000e+000
 0.0000000e+000
 0.0000000e+000
 0.0000000e+000
 0.0000000e+000
 0.0000000e+000
 0.0000000e+000
 0.0000000e+000
 0.0000000e+000
 0.0000000e+000
 0.0000000e+000
 0.0000000e+000
 0.0000000e+000
 0.0000000e+000
 0.0000000e+000
 0.0000000e+000
 0.0000000e+000
 0.0000000e+000
 0.0000000e+000
 0.0000000e+000
 0.0000000e+000
 0.0000000e+000
 0.0000000e+000
 0.0000000e+000
 0.0000000e+000
 0.0000000e+000
 0.0000000e+000
 0.0000000e+000
 0.0000000e+000
 0.0000000e+000
 0.0000000e+000
 0.0000000e+000
 0.0000000e+000
 0.0000000e+000
 0.0000000e+000
 0.0000000e+000
 0.0000000e+000
 0.0000000e+000
 0.0000000e+000
 0.0000000e+000
 0.0000000e+000
 0.0000000e+000
 0.0000000e+000
 0.0000000e+000
 0.0000000e+000
 0.0000000e+000
 0.0000000e+000
 0.0000000e+000
 0.0000000e+000
 0.0000000e+000
 0.0000000e+000
 0.0000000e+000
 0.0000000e+000
 0.0000000e+000
 0.0000000e+000
 0.0000000e+000
 0.0000000e+000
 0.0000000e+000
 0.0000000e+000
 0.0000000e+000
 0.0000000e+000
 0.0000000e+000
 0.0000000e+000
 0.0000000e+000
 0.0000000e+000
 0.0000000e+000
 0.0000000e+000
 0.0000000e+000
 0.0000000e+000
 0.0000000e+000
 0.0000000e+000
 0.0000000e+000
 0.0000000e+000
 0.0000000e+000
 0.0000000e+000
 0.0000000e+000
 0.0000000e+000
 0.0000000e+000
 0.0000000e+000
 0.0000000e+000
 0.0000000e+000
 0.0000000e+000
 0.0000000e+000
 0.0000000e+000
 0.0000000e+000
 0.0000000e+000
 0.0000000e+000
 0.0000000e+000
 0.0000000e+000
 0.0000000e+000
 0.0000000e+000
 0.0000000e+000
 0.0000000e+000
 0.0000000e+000
 0.0000000e+000
 0.0000000e+000
 0.0000000e+000
 0.0000000e+000
 0.0000000e+000
 0.0000000e+000
 0.0000000e+000
 0.0000000e+000
 0.0000000e+000
 0.0000000e+000
 0.0000000e+000
 0.0000000e+000
 0.0000000e+000
 0.0000000e+000
 0.0000000e+000
 0.0000000e+000
 0.0000000e+000
 0.0000000e+000
 0.0000000e+000
 0.0000000e+000
 0.0000000e+000
 0.0000000e+000
 0.0000000e+000
 0.0000000e+000
 0.0000000e+000
 0.0000000e+000
 0.0000000e+000
 0.0000000e+000
 0.0000000e+000
 0.0000000e+000
 0.0000000e+000
 0.0000000e+000
 0.0000000e+000
 0.0000000e+000
 0.0000000e+000
 0.0000000e+000
 0.0000000e+000
 0.0000000e+000
 0.0000000e+000
 0.0000000e+000
 0.0000000e+000
 0.0000000e+000
 0.0000000e+000
 0.0000000e+000
 0.0000000e+000
 0.0000000e+000
 0.0000000e+000
 0.0000000e+000
 0.0000000e+000
 0.0000000e+000
 0.0000000e+000
 0.0000000e+000
 0.0000000e+000
 0.0000000e+000
 0.0000000e+000
 0.0000000e+000
 0.0000000e+000
 0.0000000e+000
 0.0000000e+000
 0.0000000e+000
 0.0000000e+000
 0.0000000e+000
 0.0000000e+000
 0.0000000e+000
 0.0000000e+000
 0.0000000e+000
 0.0000000e+000
 0.0000000e+000
 0.0000000e+000
 0.0000000e+000
 0.0000000e+000
 0.0000000e+000
 0.0000000e+000
 0.0000000e+000
 0.0000000e+000
 0.0000000e+000
 0.0000000e+000
 0.0000000e+000
 0.0000000e+000
 0.0000000e+000
 0.0000000e+000
 0.0000000e+000
 0.0000000e+000
 0.0000000e+000
 0.0000000e+000
 0.0000000e+000
 0.0000000e+000
 0.0000000e+000
 0.0000000e+000
 0.0000000e+000
 0.0000000e+000
 0.0000000e+000
 0.0000000e+000
 0.0000000e+000
 0.0000000e+000
 0.0000000e+000
 0.0000000e+000
 0.0000000e+000
 0.0000000e+000
 0.0000000e+000
 0.0000000e+000
 0.0000000e+000
 0.0000000e+000
 0.0000000e+000
 0.0000000e+000
 0.0000000e+000
 0.0000000e+000
 0.0000000e+000
 0.0000000e+000
 0.0000000e+000
 0.0000000e+000
 0.0000000e+000
 0.0000000e+000
 0.0000000e+000
 0.0000000e+000
 0.0000000e+000
 0.0000000e+000
 0.0000000e+000
 0.0000000e+000
 0.0000000e+000
 0.0000000e+000
 0.0000000e+000
 0.0000000e+000
 0.0000000e+000
 0.0000000e+000
 0.0000000e+000
 0.0000000e+000
 0.0000000e+000
 0.0000000e+000
 0.0000000e+000
 0.0000000e+000
 0.0000000e+000
 0.0000000e+000
 0.0000000e+000
 0.0000000e+000
 0.0000000e+000
 0.0000000e+000
 0.0000000e+000
 0.0000000e+000
 0.0000000e+000
 0.0000000e+000
 0.0000000e+000
 0.0000000e+000
 0.0000000e+000
 0.0000000e+000
 0.0000000e+000
 0.0000000e+000
 0.0000000e+000
 0.0000000e+000
 0.0000000e+000
 0.0000000e+000
 0.0000000e+000
 0.0000000e+000
 0.0000000e+000
 0.0000000e+000
 0.0000000e+000
 0.0000000e+000
 0.0000000e+000
 0.0000000e+000
 0.0000000e+000
 0.0000000e+000
 0.0000000e+000
 0.0000000e+000
 0.0000000e+000
 0.0000000e+000
 0.0000000e+000
 0.0000000e+000
 0.0000000e+000
 0.0000000e+000
 0.0000000e+000
 0.0000000e+000
 0.0000000e+000
 0.0000000e+000
 0.0000000e+000
 0.0000000e+000
 0.0000000e+000
 0.0000000e+000
 0.0000000e+000
 0.0000000e+000
 0.0000000e+000
 0.0000000e+000
 0.0000000e+000
 0.0000000e+000
 0.0000000e+000
 0.0000000e+000
 0.0000000e+000
 0.0000000e+000
 0.0000000e+000
 0.0000000e+000
 0.0000000e+000
 0.0000000e+000
 0.0000000e+000
 0.0000000e+000
 0.0000000e+000
 0.0000000e+000
 0.0000000e+000
 0.0000000e+000
 0.0000000e+000
 0.0000000e+000
 0.0000000e+000
 0.0000000e+000
 0.0000000e+000
 0.0000000e+000
 0.0000000e+000
 0.0000000e+000
 0.0000000e+000
 0.0000000e+000
 0.0000000e+000
 0.0000000e+000
 0.0000000e+000
 0.0000000e+000
 0.0000000e+000
 0.0000000e+000
 0.0000000e+000
 0.0000000e+000
 0.0000000e+000
 0.0000000e+000
 0.0000000e+000
 0.0000000e+000
 0.0000000e+000
 0.0000000e+000
 0.0000000e+000
 0.0000000e+000
 0.0000000e+000
 0.0000000e+000
 0.0000000e+000
 0.0000000e+000
 0.0000000e+000
 0.0000000e+000
 0.0000000e+000
 0.0000000e+000
 0.0000000e+000
 0.0000000e+000
 0.0000000e+000
 0.0000000e+000
 0.0000000e+000
 0.0000000e+000
 0.0000000e+000
 0.0000000e+000
 0.0000000e+000
 0.0000000e+000
 0.0000000e+000
 0.0000000e+000
 0.0000000e+000
 0.0000000e+000
 0.0000000e+000
 0.0000000e+000
 0.0000000e+000
 0.0000000e+000
 0.0000000e+000
 0.0000000e+000
 0.0000000e+000
 0.0000000e+000
 0.0000000e+000
 0.0000000e+000
 0.0000000e+000
 0.0000000e+000
 0.0000000e+000
 0.0000000e+000
 0.0000000e+000
 0.0000000e+000
 0.0000000e+000
 0.0000000e+000
 0.0000000e+000
 0.0000000e+000
 0.0000000e+000
 0.0000000e+000
 0.0000000e+000
 0.0000000e+000
 0.0000000e+000
 0.0000000e+000
 0.0000000e+000
 0.0000000e+000
 0.0000000e+000
 0.0000000e+000
 0.0000000e+000
 0.0000000e+000
 0.0000000e+000
 0.0000000e+000
 0.0000000e+000
 0.0000000e+000
 0.0000000e+000
 0.0000000e+000
 0.0000000e+000
 0.0000000e+000
 0.0000000e+000
 0.0000000e+000
 0.0000000e+000
 0.0000000e+000
 0.0000000e+000
 0.0000000e+000
 0.0000000e+000
 0.0000000e+000
 0.0000000e+000
 0.0000000e+000
 0.0000000e+000
 0.0000000e+000
 0.0000000e+000
 0.0000000e+000
 0.0000000e+000
 0.0000000e+000
 0.0000000e+000
 0.0000000e+000
 0.0000000e+000
 0.0000000e+000
 0.0000000e+000
 0.0000000e+000
 0.0000000e+000
 0.0000000e+000
 0.0000000e+000
 0.0000000e+000
 0.0000000e+000
 0.0000000e+000
 0.0000000e+000
 0.0000000e+000
 0.0000000e+000
 0.0000000e+000
 0.0000000e+000
 0.0000000e+000
 0.0000000e+000
 0.0000000e+000
 0.0000000e+000
 0.0000000e+000
 0.0000000e+000
 0.0000000e+000
 0.0000000e+000
 0.0000000e+000
 0.0000000e+000
 0.0000000e+000
 0.0000000e+000
 0.0000000e+000
 0.0000000e+000
 0.0000000e+000
 0.0000000e+000
 0.0000000e+000
 0.0000000e+000
 0.0000000e+000
 0.0000000e+000
 0.0000000e+000
 0.0000000e+000
 0.0000000e+000
 0.0000000e+000
 0.0000000e+000
 0.0000000e+000
 0.0000000e+000
 0.0000000e+000
 0.0000000e+000
 0.0000000e+000
 0.0000000e+000
 0.0000000e+000
 0.0000000e+000
 0.0000000e+000
 0.0000000e+000
 0.0000000e+000
 0.0000000e+000
 0.0000000e+000
