 S07WV3 Record=43: SRF Band 4 WorldView3 Yellow            
 3.7199999e-010
 1.9699999e-009
 3.5300001e-009
 1.2500000e-009
 7.4399997e-010
 3.6200001e-010
 2.7300001e-011
 4.2900000e-010
 2.4600000e-010
 1.9400000e-012
 1.6600000e-012
 8.4000001e-010
 3.4299999e-010
 5.5300001e-011
 3.2699999e-011
 1.7200000e-012
 1.8500000e-012
 1.9400000e-012
 2.0100000e-012
 9.9999997e-010
 4.2500001e-010
 2.4799999e-012
 2.8000000e-012
 3.1899999e-012
 2.8600000e-010
 1.1900000e-010
 4.6700001e-012
 5.2200000e-009
 2.1700000e-009
 7.0999998e-012
 8.0099998e-012
 9.0000004e-012
 1.0000000e-011
 1.1000000e-011
 1.2000000e-011
 1.2900000e-011
 6.3700001e-009
 5.7700000e-009
 1.2000000e-009
 1.6700001e-011
 1.7699999e-011
 1.8600000e-011
 1.9500001e-011
 2.0200000e-011
 2.1100000e-011
 2.5500000e-008
 6.2200002e-008
 7.9199999e-008
 3.7300001e-008
 1.9000000e-008
 3.7699999e-009
 4.5699999e-009
 4.1700002e-008
 9.5099999e-008
 1.0900000e-007
 1.0300000e-007
 5.1600001e-008
 1.3100000e-008
 1.3300000e-009
 4.4099998e-008
 8.4400000e-008
 2.7000000e-008
 1.6200000e-008
 8.9399999e-009
 1.3300000e-009
 3.7600000e-011
 3.8199999e-011
 3.8700002e-011
 1.6000000e-009
 1.9400000e-008
 3.9799999e-009
 4.1400001e-011
 4.9700000e-010
 1.3199999e-010
 3.0600000e-010
 8.4499998e-009
 6.4200002e-008
 2.1600000e-007
 2.7199999e-007
 3.2000000e-007
 1.9900000e-007
 5.7899999e-008
 5.3800000e-009
 4.0000000e-008
 6.4700001e-009
 4.8499999e-011
 4.8899999e-011
 4.9400001e-011
 5.0000001e-011
 2.1100000e-007
 9.2800002e-007
 1.3200000e-006
 7.5100002e-007
 1.5800001e-007
 1.0500000e-008
 1.2200000e-008
 1.2100000e-009
 5.0000001e-011
 5.4500002e-011
 6.9499997e-008
 3.7400000e-007
 7.5999998e-007
 4.2900001e-007
 6.7000002e-008
 3.1400000e-009
 5.6299999e-011
 2.4300000e-008
 4.6299999e-009
 3.2300001e-008
 1.3500000e-008
 7.9599998e-009
 6.4099998e-010
 5.8299997e-011
 5.8700003e-011
 5.9199999e-011
 5.9599999e-011
 5.9799998e-011
 6.0199998e-011
 6.0300001e-011
 3.4500001e-008
 1.8799999e-009
 5.5600000e-011
 5.5700000e-011
 5.5800000e-011
 6.0799997e-011
 6.1100000e-011
 6.1400003e-011
 6.1800003e-011
 1.6300000e-009
 5.3700000e-009
 2.4800001e-010
 6.2699998e-011
 4.8299999e-008
 2.6700000e-009
 9.5400000e-011
 1.5700000e-008
 3.9199999e-010
 6.4500003e-011
 3.1199999e-008
 3.5700001e-008
 4.6800003e-010
 6.5999997e-011
 1.1700000e-008
 5.3400001e-008
 1.8599999e-010
 6.5599998e-011
 6.5799997e-011
 2.2400000e-010
 3.5399999e-008
 1.7200000e-010
 1.1800000e-008
 6.9400001e-009
 5.5699999e-008
 2.0900000e-008
 3.6300001e-008
 1.7399999e-007
 7.2500001e-008
 1.9600000e-007
 3.0000001e-007
 2.9600000e-007
 4.8200002e-007
 6.2900000e-007
 6.0000002e-007
 4.7999998e-007
 4.3099999e-007
 2.5099999e-007
 2.3600001e-007
 3.0400000e-007
 3.3399999e-007
 5.2500002e-007
 6.6899997e-007
 8.6400001e-007
 7.7200002e-007
 5.8600000e-007
 5.0699998e-007
 3.0400000e-007
 3.0900000e-007
 3.2200001e-007
 1.5500000e-007
 2.7700000e-007
 2.1600000e-007
 3.0900000e-007
 2.8700001e-007
 4.3399999e-007
 5.9400003e-007
 6.6199999e-007
 8.3100002e-007
 9.0499998e-007
 9.2499999e-007
 9.2300002e-007
 9.0300000e-007
 9.1400000e-007
 8.8700000e-007
 9.5400003e-007
 8.7600000e-007
 8.0299998e-007
 7.3400003e-007
 7.4600001e-007
 6.9300000e-007
 5.9400003e-007
 6.6100000e-007
 7.2799997e-007
 7.1500000e-007
 8.3300000e-007
 7.8300002e-007
 6.6299998e-007
 6.9499998e-007
 8.6000000e-007
 9.1300001e-007
 1.1800000e-006
 1.5800000e-006
 1.9000000e-006
 2.2700001e-006
 3.2000000e-006
 4.3400000e-006
 5.7500001e-006
 7.7499999e-006
 1.0900000e-005
 1.5899999e-005
 2.4000001e-005
 3.7900001e-005
 6.2899999e-005
 1.0900000e-004
 1.9700000e-004
 3.6300000e-004
 6.7600003e-004
 1.2760001e-003
 2.4480000e-003
 4.8610000e-003
 1.0254000e-002
 3.4177002e-002
 6.7666002e-002
 1.6006500e-001
 2.6780799e-001
 4.3688300e-001
 5.9993398e-001
 7.3833400e-001
 8.5314602e-001
 8.7416601e-001
 8.9153498e-001
 8.9473301e-001
 8.9803803e-001
 9.0433598e-001
 9.1044599e-001
 9.1378301e-001
 9.1689599e-001
 9.1992003e-001
 9.2208600e-001
 9.2068702e-001
 9.2108399e-001
 9.2773098e-001
 9.3471098e-001
 9.4304597e-001
 9.4853199e-001
 9.4480300e-001
 9.4310099e-001
 9.4677597e-001
 9.5292097e-001
 9.6771598e-001
 9.8073101e-001
 9.8808402e-001
 9.9403799e-001
 9.9571401e-001
 9.9624997e-001
 9.9434501e-001
 9.9254900e-001
 9.9057198e-001
 9.9144202e-001
 1.0000000e+000
 9.9618500e-001
 9.5947897e-001
 8.9520001e-001
 7.6126403e-001
 6.1971402e-001
 4.5966399e-001
 3.1407601e-001
 2.0499100e-001
 1.1559700e-001
 7.3357999e-002
 3.9811000e-002
 2.6138000e-002
 1.6246000e-002
 1.1110000e-002
 7.4680001e-003
 5.2350000e-003
 3.6470001e-003
 2.5879999e-003
 1.8279999e-003
 1.3250000e-003
 9.7400002e-004
 7.2100002e-004
 5.4199999e-004
 4.1600000e-004
 3.2600001e-004
 2.5799999e-004
 2.0200000e-004
 1.5900000e-004
 1.2500001e-004
 9.7299999e-005
 7.5199998e-005
 5.8400001e-005
 4.6400000e-005
 3.7400001e-005
 3.0300000e-005
 2.4499999e-005
 2.0800000e-005
 1.7900000e-005
 1.5100000e-005
 1.2700000e-005
 1.1000000e-005
 9.4899997e-006
 8.0800000e-006
 6.7199999e-006
 5.8199998e-006
 5.0300000e-006
 4.3400000e-006
 3.9000001e-006
 3.4200000e-006
 2.9700000e-006
 2.7700000e-006
 2.6200000e-006
 2.3699999e-006
 2.1999999e-006
 1.9500001e-006
 1.6800000e-006
 1.5400000e-006
 1.4400000e-006
 1.4000000e-006
 1.3200000e-006
 1.3800000e-006
 1.3500000e-006
 1.0799999e-006
 1.0300000e-006
 1.0300000e-006
 9.9199997e-007
 9.6700001e-007
 9.9299996e-007
 9.6500003e-007
 8.6300003e-007
 8.9800000e-007
 7.9400002e-007
 7.8800002e-007
 8.5200003e-007
 6.9200001e-007
 5.5400000e-007
 6.0999997e-007
 7.1300002e-007
 6.1899999e-007
 5.5400000e-007
 5.0900002e-007
 4.9499999e-007
 5.7199998e-007
 6.3099998e-007
 6.2800001e-007
 6.7700000e-007
 8.0400002e-007
 7.4600001e-007
 5.9400003e-007
 5.7500000e-007
 5.2799999e-007
 4.4399999e-007
 4.5199999e-007
 5.2199999e-007
 4.9699997e-007
 3.9299999e-007
 3.9200000e-007
 4.6599999e-007
 5.1699999e-007
 5.7599999e-007
 6.0799999e-007
 6.1899999e-007
 6.0100001e-007
 5.4800000e-007
 4.4900000e-007
 5.7800003e-007
 7.8199997e-007
 8.0600000e-007
 6.0999997e-007
 5.1799998e-007
 5.3999997e-007
 5.3000002e-007
 6.0200000e-007
 5.8500001e-007
 4.9300002e-007
 6.4400001e-007
 8.6300003e-007
 8.3899999e-007
 8.2600002e-007
 8.2800000e-007
 7.2000000e-007
 6.5099999e-007
 7.4200000e-007
 7.8400001e-007
 7.0599998e-007
 7.0700003e-007
 7.3699999e-007
 7.6800001e-007
 7.9199998e-007
 7.3799998e-007
 8.0100000e-007
 8.9999997e-007
 9.2300002e-007
 1.0300000e-006
 9.9099998e-007
 1.1600000e-006
 1.4800000e-006
 1.5099999e-006
 1.6200000e-006
 1.7800000e-006
 1.7500000e-006
 1.8800000e-006
 1.9900001e-006
 2.1999999e-006
 2.3900000e-006
 2.4599999e-006
 2.6499999e-006
 2.9000000e-006
 3.0500000e-006
 3.1400000e-006
 3.4000000e-006
 3.9800002e-006
 4.7700000e-006
 5.1000002e-006
 4.3999999e-006
 5.1500001e-006
 6.7999999e-006
 6.7999999e-006
 7.4400000e-006
 8.1400003e-006
 8.3000004e-006
 8.5399997e-006
 8.1400003e-006
 8.0700001e-006
 9.2700002e-006
 1.1000000e-005
 9.9199997e-006
 1.0100000e-005
 1.2500000e-005
 1.5800000e-005
 2.6199999e-005
 3.2399999e-005
 5.4799999e-005
 7.6400000e-005
 1.1900000e-004
 1.8300000e-004
 2.7600001e-004
 3.4800000e-004
 4.6600000e-004
 5.9000001e-004
 7.1300002e-004
 8.2700001e-004
 1.1080001e-003
 1.5240000e-003
 2.3860000e-003
 3.7509999e-003
 5.7040001e-003
 7.4229999e-003
 6.7489999e-003
 4.3830001e-003
 2.7840000e-003
 1.5690000e-003
 9.2500000e-004
 5.8900000e-004
 3.7800000e-004
 2.7700001e-004
 2.3400001e-004
 1.8700000e-004
 1.5900000e-004
 1.2899999e-004
 1.2200000e-004
 1.2800000e-004
 1.3099999e-004
 9.7800003e-005
 7.0599999e-005
 5.3700001e-005
 4.3600001e-005
 3.4500001e-005
 3.0100000e-005
 1.9300000e-005
 1.1700000e-005
 9.9700001e-006
 1.2000000e-005
 1.0400000e-005
 8.5399997e-006
 6.6600001e-006
 4.9300002e-006
 4.8600000e-006
 6.3299999e-006
 5.7500001e-006
 6.9100001e-006
 7.5900002e-006
 8.2600000e-006
 8.2699999e-006
 7.1800000e-006
 7.1499999e-006
 8.5600004e-006
 8.5199999e-006
 9.9999997e-006
 8.2200004e-006
 7.1600002e-006
 6.3299999e-006
 5.5300002e-006
 4.5400002e-006
 4.2699999e-006
 3.8500002e-006
 3.7499999e-006
 3.8200001e-006
 3.6399999e-006
 3.5200001e-006
 4.4100002e-006
 5.8800001e-006
 7.2200000e-006
 1.0600000e-005
 1.5000000e-005
 1.9700001e-005
 2.6100000e-005
 2.7200000e-005
 2.7500000e-005
 2.0900001e-005
 1.5899999e-005
 9.8900000e-006
 6.1000001e-006
 4.2699999e-006
 3.8100000e-006
 3.4000000e-006
 2.6900000e-006
 3.0500000e-006
 3.7299999e-006
 4.9000000e-006
 8.0899999e-006
 1.1900000e-005
 1.6000000e-005
 1.7200000e-005
 1.5500000e-005
 9.9999997e-006
 5.7100001e-006
 2.7900001e-006
 1.2600000e-006
 4.7999998e-007
 4.8300001e-007
 1.7200000e-007
 3.7300001e-007
 2.5400001e-007
 1.1500000e-007
 1.8900000e-007
 1.9600000e-007
 2.7199999e-007
 2.2899999e-007
 1.0900000e-007
 2.8299999e-007
 3.7199999e-007
 1.8500000e-007
 1.8000000e-007
 3.3500001e-007
 1.7700000e-007
 7.0299997e-008
 9.4000001e-008
 2.0300000e-007
 3.8100001e-007
 3.3500001e-007
 2.9800000e-007
 4.0699999e-007
 5.5700002e-007
 1.1500000e-006
 1.2400000e-006
 1.9700001e-006
 1.9700001e-006
 1.0700001e-006
 1.1200000e-006
 8.2800000e-007
 7.2300003e-007
 5.7500000e-007
 3.9200000e-007
 3.2700001e-007
 3.8600001e-007
 4.1999999e-007
 3.3600000e-007
 3.7500001e-007
 5.2199999e-007
 8.0199999e-007
 1.0700001e-006
 3.7100001e-006
 1.2100000e-005
 2.0800000e-005
 1.0100000e-005
 3.9299998e-006
 1.1300000e-006
 5.4600002e-007
 1.4699999e-007
 3.1900001e-007
 3.9700001e-007
 4.0300002e-008
 8.1000003e-008
 7.2399999e-008
 3.5200000e-007
 3.9200000e-008
 2.7600001e-007
 2.1200000e-007
 3.4799999e-007
 5.1899999e-008
 3.6199999e-008
 1.3200000e-007
 1.1500000e-007
 7.8900001e-008
 1.6200001e-007
 1.3099999e-007
 1.2800000e-007
 1.4200000e-007
 2.5300000e-007
 1.3899999e-007
 2.5300000e-007
 3.8600001e-007
 7.8699998e-007
 2.1100000e-006
 3.3700001e-006
 3.2200001e-006
 1.6800000e-006
 1.1000000e-006
 6.3499999e-007
 4.2799999e-007
 5.5200002e-007
 5.0099999e-007
 5.3899998e-007
 8.2899999e-007
 6.5499999e-006
 8.2099999e-005
 3.1400000e-004
 2.1100001e-004
 1.7000000e-005
 7.0099998e-007
 2.2700000e-007
 1.8100000e-007
 3.5999999e-008
 3.4300001e-008
 8.7200000e-008
 7.4299997e-008
 1.0700000e-007
 8.7799997e-008
 7.1700001e-008
 6.1800002e-008
 1.3600000e-007
 7.6299997e-008
 8.5800004e-008
 7.3300001e-008
 2.3700000e-008
 2.7800001e-008
 3.2100001e-008
 3.0199999e-008
 7.6699997e-009
 4.8299999e-008
 4.6800000e-008
 6.4600002e-008
 6.5499997e-008
 5.6000001e-008
 2.2600000e-008
 4.8899999e-008
 2.7500000e-008
 6.9000002e-008
 3.8700001e-008
 4.9400001e-008
 3.9500001e-008
 4.8299999e-008
 3.8400000e-008
 4.3400000e-008
 2.9999999e-008
 3.7200000e-008
 3.0399999e-008
 5.4699999e-008
 5.4099999e-008
 3.9900002e-008
 5.8000001e-008
 4.8299999e-008
 5.8299999e-008
 3.1199999e-008
 4.6400000e-008
 6.2200002e-008
 4.9899999e-008
 2.8900001e-008
 3.6100001e-008
 4.2900002e-008
 2.2200000e-008
 4.2400000e-008
 5.6499999e-008
 4.7099999e-008
 1.5500000e-008
 1.6600000e-008
 2.8600001e-008
 3.4399999e-008
 4.8899999e-008
 3.4500001e-008
 3.8600000e-008
 3.6900001e-008
 4.6200000e-008
 1.9700000e-008
 3.4100001e-008
 4.7200000e-008
 2.2900000e-008
 1.5299999e-008
 1.8000000e-008
 3.2500001e-008
 2.6300000e-008
 3.0500001e-008
 3.4999999e-008
 4.6200000e-008
 3.2599999e-008
 2.0600000e-008
 2.4500000e-008
 1.0400000e-008
 1.9000000e-008
 1.6400000e-008
 1.6800000e-008
 1.6400000e-008
 1.4300000e-008
 1.7600000e-008
 1.1700000e-008
 2.0700000e-008
 2.1800000e-008
 1.2500000e-008
 1.6300000e-008
 1.3900000e-008
 1.6000000e-008
 1.9300000e-008
 1.1700000e-008
 1.1800000e-008
 5.5600000e-009
 6.0600001e-009
 6.7000001e-009
 8.7999998e-009
 1.5399999e-008
 1.2700000e-008
 1.0300000e-008
 9.3799999e-009
 8.3899998e-009
 6.3800001e-009
 1.3000000e-008
 1.6900000e-008
 1.4999999e-008
 1.3400000e-008
 1.0400000e-008
 9.9999999e-009
 1.1300000e-008
 1.1100000e-008
 1.0500000e-008
 8.2499998e-009
 6.1700001e-009
 8.5899998e-009
 1.0900000e-008
 1.0600000e-008
 7.8299998e-009
 7.8299998e-009
 7.8399998e-009
 0.0000000e+000
 0.0000000e+000
 0.0000000e+000
 0.0000000e+000
 0.0000000e+000
 0.0000000e+000
 0.0000000e+000
 0.0000000e+000
 0.0000000e+000
 0.0000000e+000
 0.0000000e+000
 0.0000000e+000
 0.0000000e+000
 0.0000000e+000
 0.0000000e+000
 0.0000000e+000
 0.0000000e+000
 0.0000000e+000
 0.0000000e+000
 0.0000000e+000
 0.0000000e+000
 0.0000000e+000
 0.0000000e+000
 0.0000000e+000
 0.0000000e+000
 0.0000000e+000
 0.0000000e+000
 0.0000000e+000
 0.0000000e+000
 0.0000000e+000
 0.0000000e+000
 0.0000000e+000
 0.0000000e+000
 0.0000000e+000
 0.0000000e+000
 0.0000000e+000
 0.0000000e+000
 0.0000000e+000
 0.0000000e+000
 0.0000000e+000
 0.0000000e+000
 0.0000000e+000
 0.0000000e+000
 0.0000000e+000
 0.0000000e+000
 0.0000000e+000
 0.0000000e+000
 0.0000000e+000
 0.0000000e+000
 0.0000000e+000
 0.0000000e+000
 0.0000000e+000
 0.0000000e+000
 0.0000000e+000
 0.0000000e+000
 0.0000000e+000
 0.0000000e+000
 0.0000000e+000
 0.0000000e+000
 0.0000000e+000
 0.0000000e+000
 0.0000000e+000
 0.0000000e+000
 0.0000000e+000
 0.0000000e+000
 0.0000000e+000
 0.0000000e+000
 0.0000000e+000
 0.0000000e+000
 0.0000000e+000
 0.0000000e+000
 0.0000000e+000
 0.0000000e+000
 0.0000000e+000
 0.0000000e+000
 0.0000000e+000
 0.0000000e+000
 0.0000000e+000
 0.0000000e+000
 0.0000000e+000
 0.0000000e+000
 0.0000000e+000
 0.0000000e+000
 0.0000000e+000
 0.0000000e+000
 0.0000000e+000
 0.0000000e+000
 0.0000000e+000
 0.0000000e+000
 0.0000000e+000
 0.0000000e+000
 0.0000000e+000
 0.0000000e+000
 0.0000000e+000
 0.0000000e+000
 0.0000000e+000
 0.0000000e+000
 0.0000000e+000
 0.0000000e+000
 0.0000000e+000
 0.0000000e+000
 0.0000000e+000
 0.0000000e+000
 0.0000000e+000
 0.0000000e+000
 0.0000000e+000
 0.0000000e+000
 0.0000000e+000
 0.0000000e+000
 0.0000000e+000
 0.0000000e+000
 0.0000000e+000
 0.0000000e+000
 0.0000000e+000
 0.0000000e+000
 0.0000000e+000
 0.0000000e+000
 0.0000000e+000
 0.0000000e+000
 0.0000000e+000
 0.0000000e+000
 0.0000000e+000
 0.0000000e+000
 0.0000000e+000
 0.0000000e+000
 0.0000000e+000
 0.0000000e+000
 0.0000000e+000
 0.0000000e+000
 0.0000000e+000
 0.0000000e+000
 0.0000000e+000
 0.0000000e+000
 0.0000000e+000
 0.0000000e+000
 0.0000000e+000
 0.0000000e+000
 0.0000000e+000
 0.0000000e+000
 0.0000000e+000
 0.0000000e+000
 0.0000000e+000
 0.0000000e+000
 0.0000000e+000
 0.0000000e+000
 0.0000000e+000
 0.0000000e+000
 0.0000000e+000
 0.0000000e+000
 0.0000000e+000
 0.0000000e+000
 0.0000000e+000
 0.0000000e+000
 0.0000000e+000
 0.0000000e+000
 0.0000000e+000
 0.0000000e+000
 0.0000000e+000
 0.0000000e+000
 0.0000000e+000
 0.0000000e+000
 0.0000000e+000
 0.0000000e+000
 0.0000000e+000
 0.0000000e+000
 0.0000000e+000
 0.0000000e+000
 0.0000000e+000
 0.0000000e+000
 0.0000000e+000
 0.0000000e+000
 0.0000000e+000
 0.0000000e+000
 0.0000000e+000
 0.0000000e+000
 0.0000000e+000
 0.0000000e+000
 0.0000000e+000
 0.0000000e+000
 0.0000000e+000
 0.0000000e+000
 0.0000000e+000
 0.0000000e+000
 0.0000000e+000
 0.0000000e+000
 0.0000000e+000
 0.0000000e+000
 0.0000000e+000
 0.0000000e+000
 0.0000000e+000
 0.0000000e+000
 0.0000000e+000
 0.0000000e+000
 0.0000000e+000
 0.0000000e+000
 0.0000000e+000
 0.0000000e+000
 0.0000000e+000
 0.0000000e+000
 0.0000000e+000
 0.0000000e+000
 0.0000000e+000
 0.0000000e+000
 0.0000000e+000
 0.0000000e+000
 0.0000000e+000
 0.0000000e+000
 0.0000000e+000
 0.0000000e+000
 0.0000000e+000
 0.0000000e+000
 0.0000000e+000
 0.0000000e+000
 0.0000000e+000
 0.0000000e+000
 0.0000000e+000
 0.0000000e+000
 0.0000000e+000
 0.0000000e+000
 0.0000000e+000
 0.0000000e+000
 0.0000000e+000
 0.0000000e+000
 0.0000000e+000
 0.0000000e+000
 0.0000000e+000
 0.0000000e+000
 0.0000000e+000
 0.0000000e+000
 0.0000000e+000
 0.0000000e+000
 0.0000000e+000
 0.0000000e+000
 0.0000000e+000
 0.0000000e+000
 0.0000000e+000
 0.0000000e+000
 0.0000000e+000
 0.0000000e+000
 0.0000000e+000
 0.0000000e+000
 0.0000000e+000
 0.0000000e+000
 0.0000000e+000
 0.0000000e+000
 0.0000000e+000
 0.0000000e+000
 0.0000000e+000
 0.0000000e+000
 0.0000000e+000
 0.0000000e+000
 0.0000000e+000
 0.0000000e+000
 0.0000000e+000
 0.0000000e+000
 0.0000000e+000
 0.0000000e+000
 0.0000000e+000
 0.0000000e+000
 0.0000000e+000
 0.0000000e+000
 0.0000000e+000
 0.0000000e+000
 0.0000000e+000
 0.0000000e+000
 0.0000000e+000
 0.0000000e+000
 0.0000000e+000
 0.0000000e+000
 0.0000000e+000
 0.0000000e+000
 0.0000000e+000
 0.0000000e+000
 0.0000000e+000
 0.0000000e+000
 0.0000000e+000
 0.0000000e+000
 0.0000000e+000
 0.0000000e+000
 0.0000000e+000
 0.0000000e+000
 0.0000000e+000
 0.0000000e+000
 0.0000000e+000
 0.0000000e+000
 0.0000000e+000
 0.0000000e+000
 0.0000000e+000
 0.0000000e+000
 0.0000000e+000
 0.0000000e+000
 0.0000000e+000
 0.0000000e+000
 0.0000000e+000
 0.0000000e+000
 0.0000000e+000
 0.0000000e+000
 0.0000000e+000
 0.0000000e+000
 0.0000000e+000
 0.0000000e+000
 0.0000000e+000
 0.0000000e+000
 0.0000000e+000
 0.0000000e+000
 0.0000000e+000
 0.0000000e+000
 0.0000000e+000
 0.0000000e+000
 0.0000000e+000
 0.0000000e+000
 0.0000000e+000
 0.0000000e+000
 0.0000000e+000
 0.0000000e+000
 0.0000000e+000
 0.0000000e+000
 0.0000000e+000
 0.0000000e+000
 0.0000000e+000
 0.0000000e+000
 0.0000000e+000
 0.0000000e+000
 0.0000000e+000
 0.0000000e+000
 0.0000000e+000
 0.0000000e+000
 0.0000000e+000
 0.0000000e+000
 0.0000000e+000
 0.0000000e+000
 0.0000000e+000
 0.0000000e+000
 0.0000000e+000
 0.0000000e+000
 0.0000000e+000
 0.0000000e+000
 0.0000000e+000
 0.0000000e+000
 0.0000000e+000
 0.0000000e+000
 0.0000000e+000
 0.0000000e+000
 0.0000000e+000
 0.0000000e+000
 0.0000000e+000
 0.0000000e+000
 0.0000000e+000
 0.0000000e+000
 0.0000000e+000
 0.0000000e+000
 0.0000000e+000
 0.0000000e+000
 0.0000000e+000
 0.0000000e+000
 0.0000000e+000
 0.0000000e+000
 0.0000000e+000
 0.0000000e+000
 0.0000000e+000
 0.0000000e+000
 0.0000000e+000
 0.0000000e+000
 0.0000000e+000
 0.0000000e+000
 0.0000000e+000
 0.0000000e+000
 0.0000000e+000
 0.0000000e+000
 0.0000000e+000
 0.0000000e+000
 0.0000000e+000
 0.0000000e+000
 0.0000000e+000
 0.0000000e+000
 0.0000000e+000
 0.0000000e+000
 0.0000000e+000
 0.0000000e+000
 0.0000000e+000
 0.0000000e+000
 0.0000000e+000
 0.0000000e+000
 0.0000000e+000
 0.0000000e+000
 0.0000000e+000
 0.0000000e+000
 0.0000000e+000
 0.0000000e+000
 0.0000000e+000
 0.0000000e+000
 0.0000000e+000
 0.0000000e+000
 0.0000000e+000
 0.0000000e+000
 0.0000000e+000
 0.0000000e+000
 0.0000000e+000
 0.0000000e+000
 0.0000000e+000
 0.0000000e+000
 0.0000000e+000
 0.0000000e+000
 0.0000000e+000
 0.0000000e+000
 0.0000000e+000
 0.0000000e+000
 0.0000000e+000
 0.0000000e+000
 0.0000000e+000
 0.0000000e+000
 0.0000000e+000
 0.0000000e+000
 0.0000000e+000
 0.0000000e+000
 0.0000000e+000
 0.0000000e+000
 0.0000000e+000
 0.0000000e+000
 0.0000000e+000
 0.0000000e+000
 0.0000000e+000
 0.0000000e+000
 0.0000000e+000
 0.0000000e+000
 0.0000000e+000
 0.0000000e+000
 0.0000000e+000
 0.0000000e+000
 0.0000000e+000
 0.0000000e+000
 0.0000000e+000
 0.0000000e+000
 0.0000000e+000
 0.0000000e+000
 0.0000000e+000
 0.0000000e+000
 0.0000000e+000
 0.0000000e+000
 0.0000000e+000
 0.0000000e+000
 0.0000000e+000
 0.0000000e+000
 0.0000000e+000
 0.0000000e+000
 0.0000000e+000
 0.0000000e+000
 0.0000000e+000
 0.0000000e+000
 0.0000000e+000
 0.0000000e+000
 0.0000000e+000
 0.0000000e+000
 0.0000000e+000
 0.0000000e+000
 0.0000000e+000
 0.0000000e+000
 0.0000000e+000
 0.0000000e+000
 0.0000000e+000
 0.0000000e+000
 0.0000000e+000
 0.0000000e+000
 0.0000000e+000
 0.0000000e+000
 0.0000000e+000
 0.0000000e+000
 0.0000000e+000
 0.0000000e+000
 0.0000000e+000
 0.0000000e+000
 0.0000000e+000
 0.0000000e+000
 0.0000000e+000
 0.0000000e+000
 0.0000000e+000
 0.0000000e+000
 0.0000000e+000
 0.0000000e+000
 0.0000000e+000
 0.0000000e+000
 0.0000000e+000
 0.0000000e+000
 0.0000000e+000
 0.0000000e+000
 0.0000000e+000
 0.0000000e+000
 0.0000000e+000
 0.0000000e+000
 0.0000000e+000
 0.0000000e+000
 0.0000000e+000
 0.0000000e+000
 0.0000000e+000
 0.0000000e+000
 0.0000000e+000
 0.0000000e+000
 0.0000000e+000
 0.0000000e+000
 0.0000000e+000
 0.0000000e+000
 0.0000000e+000
 0.0000000e+000
 0.0000000e+000
 0.0000000e+000
 0.0000000e+000
 0.0000000e+000
 0.0000000e+000
 0.0000000e+000
 0.0000000e+000
 0.0000000e+000
 0.0000000e+000
 0.0000000e+000
 0.0000000e+000
 0.0000000e+000
 0.0000000e+000
 0.0000000e+000
 0.0000000e+000
 0.0000000e+000
 0.0000000e+000
 0.0000000e+000
 0.0000000e+000
 0.0000000e+000
 0.0000000e+000
 0.0000000e+000
 0.0000000e+000
 0.0000000e+000
 0.0000000e+000
 0.0000000e+000
 0.0000000e+000
 0.0000000e+000
 0.0000000e+000
 0.0000000e+000
 0.0000000e+000
 0.0000000e+000
 0.0000000e+000
 0.0000000e+000
 0.0000000e+000
 0.0000000e+000
 0.0000000e+000
 0.0000000e+000
 0.0000000e+000
 0.0000000e+000
 0.0000000e+000
 0.0000000e+000
 0.0000000e+000
 0.0000000e+000
 0.0000000e+000
 0.0000000e+000
 0.0000000e+000
 0.0000000e+000
 0.0000000e+000
 0.0000000e+000
 0.0000000e+000
 0.0000000e+000
 0.0000000e+000
 0.0000000e+000
 0.0000000e+000
 0.0000000e+000
 0.0000000e+000
 0.0000000e+000
 0.0000000e+000
 0.0000000e+000
 0.0000000e+000
 0.0000000e+000
 0.0000000e+000
 0.0000000e+000
 0.0000000e+000
 0.0000000e+000
 0.0000000e+000
 0.0000000e+000
 0.0000000e+000
 0.0000000e+000
 0.0000000e+000
 0.0000000e+000
 0.0000000e+000
 0.0000000e+000
 0.0000000e+000
 0.0000000e+000
 0.0000000e+000
 0.0000000e+000
 0.0000000e+000
 0.0000000e+000
 0.0000000e+000
 0.0000000e+000
 0.0000000e+000
 0.0000000e+000
 0.0000000e+000
 0.0000000e+000
 0.0000000e+000
 0.0000000e+000
 0.0000000e+000
 0.0000000e+000
 0.0000000e+000
 0.0000000e+000
 0.0000000e+000
 0.0000000e+000
 0.0000000e+000
 0.0000000e+000
 0.0000000e+000
 0.0000000e+000
 0.0000000e+000
 0.0000000e+000
 0.0000000e+000
 0.0000000e+000
 0.0000000e+000
 0.0000000e+000
 0.0000000e+000
 0.0000000e+000
 0.0000000e+000
 0.0000000e+000
 0.0000000e+000
 0.0000000e+000
 0.0000000e+000
 0.0000000e+000
 0.0000000e+000
 0.0000000e+000
 0.0000000e+000
 0.0000000e+000
 0.0000000e+000
 0.0000000e+000
 0.0000000e+000
 0.0000000e+000
 0.0000000e+000
 0.0000000e+000
 0.0000000e+000
 0.0000000e+000
 0.0000000e+000
 0.0000000e+000
 0.0000000e+000
 0.0000000e+000
 0.0000000e+000
 0.0000000e+000
 0.0000000e+000
 0.0000000e+000
 0.0000000e+000
 0.0000000e+000
 0.0000000e+000
 0.0000000e+000
 0.0000000e+000
 0.0000000e+000
 0.0000000e+000
 0.0000000e+000
 0.0000000e+000
 0.0000000e+000
 0.0000000e+000
 0.0000000e+000
 0.0000000e+000
 0.0000000e+000
 0.0000000e+000
 0.0000000e+000
 0.0000000e+000
 0.0000000e+000
 0.0000000e+000
 0.0000000e+000
 0.0000000e+000
 0.0000000e+000
 0.0000000e+000
 0.0000000e+000
 0.0000000e+000
 0.0000000e+000
 0.0000000e+000
 0.0000000e+000
 0.0000000e+000
 0.0000000e+000
 0.0000000e+000
 0.0000000e+000
 0.0000000e+000
 0.0000000e+000
 0.0000000e+000
 0.0000000e+000
 0.0000000e+000
 0.0000000e+000
 0.0000000e+000
 0.0000000e+000
 0.0000000e+000
 0.0000000e+000
 0.0000000e+000
 0.0000000e+000
 0.0000000e+000
 0.0000000e+000
 0.0000000e+000
 0.0000000e+000
 0.0000000e+000
 0.0000000e+000
 0.0000000e+000
 0.0000000e+000
 0.0000000e+000
 0.0000000e+000
 0.0000000e+000
 0.0000000e+000
 0.0000000e+000
 0.0000000e+000
 0.0000000e+000
 0.0000000e+000
 0.0000000e+000
 0.0000000e+000
 0.0000000e+000
 0.0000000e+000
 0.0000000e+000
 0.0000000e+000
 0.0000000e+000
 0.0000000e+000
 0.0000000e+000
 0.0000000e+000
 0.0000000e+000
 0.0000000e+000
 0.0000000e+000
 0.0000000e+000
 0.0000000e+000
 0.0000000e+000
 0.0000000e+000
 0.0000000e+000
 0.0000000e+000
 0.0000000e+000
 0.0000000e+000
 0.0000000e+000
 0.0000000e+000
 0.0000000e+000
 0.0000000e+000
 0.0000000e+000
 0.0000000e+000
 0.0000000e+000
 0.0000000e+000
 0.0000000e+000
 0.0000000e+000
 0.0000000e+000
 0.0000000e+000
 0.0000000e+000
 0.0000000e+000
 0.0000000e+000
 0.0000000e+000
 0.0000000e+000
 0.0000000e+000
 0.0000000e+000
 0.0000000e+000
 0.0000000e+000
 0.0000000e+000
 0.0000000e+000
 0.0000000e+000
 0.0000000e+000
 0.0000000e+000
 0.0000000e+000
 0.0000000e+000
 0.0000000e+000
 0.0000000e+000
 0.0000000e+000
 0.0000000e+000
 0.0000000e+000
 0.0000000e+000
 0.0000000e+000
 0.0000000e+000
 0.0000000e+000
 0.0000000e+000
 0.0000000e+000
 0.0000000e+000
 0.0000000e+000
 0.0000000e+000
 0.0000000e+000
 0.0000000e+000
 0.0000000e+000
 0.0000000e+000
 0.0000000e+000
 0.0000000e+000
 0.0000000e+000
 0.0000000e+000
 0.0000000e+000
 0.0000000e+000
 0.0000000e+000
 0.0000000e+000
 0.0000000e+000
 0.0000000e+000
 0.0000000e+000
 0.0000000e+000
 0.0000000e+000
 0.0000000e+000
 0.0000000e+000
 0.0000000e+000
 0.0000000e+000
 0.0000000e+000
 0.0000000e+000
 0.0000000e+000
 0.0000000e+000
 0.0000000e+000
 0.0000000e+000
 0.0000000e+000
 0.0000000e+000
 0.0000000e+000
 0.0000000e+000
 0.0000000e+000
 0.0000000e+000
 0.0000000e+000
 0.0000000e+000
 0.0000000e+000
 0.0000000e+000
 0.0000000e+000
 0.0000000e+000
 0.0000000e+000
 0.0000000e+000
 0.0000000e+000
 0.0000000e+000
 0.0000000e+000
 0.0000000e+000
 0.0000000e+000
 0.0000000e+000
 0.0000000e+000
 0.0000000e+000
 0.0000000e+000
 0.0000000e+000
 0.0000000e+000
 0.0000000e+000
 0.0000000e+000
 0.0000000e+000
 0.0000000e+000
 0.0000000e+000
 0.0000000e+000
 0.0000000e+000
 0.0000000e+000
 0.0000000e+000
 0.0000000e+000
 0.0000000e+000
 0.0000000e+000
 0.0000000e+000
 0.0000000e+000
 0.0000000e+000
 0.0000000e+000
 0.0000000e+000
 0.0000000e+000
 0.0000000e+000
 0.0000000e+000
 0.0000000e+000
 0.0000000e+000
 0.0000000e+000
 0.0000000e+000
 0.0000000e+000
 0.0000000e+000
 0.0000000e+000
 0.0000000e+000
 0.0000000e+000
 0.0000000e+000
 0.0000000e+000
 0.0000000e+000
 0.0000000e+000
 0.0000000e+000
 0.0000000e+000
 0.0000000e+000
 0.0000000e+000
 0.0000000e+000
 0.0000000e+000
 0.0000000e+000
 0.0000000e+000
 0.0000000e+000
 0.0000000e+000
 0.0000000e+000
 0.0000000e+000
 0.0000000e+000
 0.0000000e+000
 0.0000000e+000
 0.0000000e+000
 0.0000000e+000
 0.0000000e+000
 0.0000000e+000
 0.0000000e+000
 0.0000000e+000
 0.0000000e+000
 0.0000000e+000
 0.0000000e+000
 0.0000000e+000
 0.0000000e+000
 0.0000000e+000
 0.0000000e+000
 0.0000000e+000
 0.0000000e+000
 0.0000000e+000
 0.0000000e+000
 0.0000000e+000
 0.0000000e+000
 0.0000000e+000
 0.0000000e+000
 0.0000000e+000
 0.0000000e+000
 0.0000000e+000
 0.0000000e+000
 0.0000000e+000
 0.0000000e+000
 0.0000000e+000
 0.0000000e+000
 0.0000000e+000
 0.0000000e+000
 0.0000000e+000
 0.0000000e+000
 0.0000000e+000
 0.0000000e+000
 0.0000000e+000
 0.0000000e+000
 0.0000000e+000
 0.0000000e+000
 0.0000000e+000
 0.0000000e+000
 0.0000000e+000
 0.0000000e+000
 0.0000000e+000
 0.0000000e+000
 0.0000000e+000
 0.0000000e+000
 0.0000000e+000
 0.0000000e+000
 0.0000000e+000
 0.0000000e+000
 0.0000000e+000
 0.0000000e+000
 0.0000000e+000
 0.0000000e+000
 0.0000000e+000
 0.0000000e+000
 0.0000000e+000
 0.0000000e+000
 0.0000000e+000
 0.0000000e+000
 0.0000000e+000
 0.0000000e+000
 0.0000000e+000
 0.0000000e+000
 0.0000000e+000
 0.0000000e+000
 0.0000000e+000
 0.0000000e+000
 0.0000000e+000
 0.0000000e+000
 0.0000000e+000
 0.0000000e+000
 0.0000000e+000
 0.0000000e+000
 0.0000000e+000
 0.0000000e+000
 0.0000000e+000
 0.0000000e+000
 0.0000000e+000
 0.0000000e+000
 0.0000000e+000
 0.0000000e+000
 0.0000000e+000
 0.0000000e+000
 0.0000000e+000
 0.0000000e+000
 0.0000000e+000
 0.0000000e+000
 0.0000000e+000
 0.0000000e+000
 0.0000000e+000
 0.0000000e+000
 0.0000000e+000
 0.0000000e+000
 0.0000000e+000
 0.0000000e+000
 0.0000000e+000
 0.0000000e+000
 0.0000000e+000
 0.0000000e+000
 0.0000000e+000
 0.0000000e+000
 0.0000000e+000
 0.0000000e+000
 0.0000000e+000
 0.0000000e+000
 0.0000000e+000
 0.0000000e+000
 0.0000000e+000
 0.0000000e+000
 0.0000000e+000
 0.0000000e+000
 0.0000000e+000
 0.0000000e+000
 0.0000000e+000
 0.0000000e+000
 0.0000000e+000
 0.0000000e+000
 0.0000000e+000
 0.0000000e+000
 0.0000000e+000
 0.0000000e+000
 0.0000000e+000
 0.0000000e+000
 0.0000000e+000
 0.0000000e+000
 0.0000000e+000
 0.0000000e+000
 0.0000000e+000
 0.0000000e+000
 0.0000000e+000
 0.0000000e+000
 0.0000000e+000
 0.0000000e+000
 0.0000000e+000
 0.0000000e+000
 0.0000000e+000
 0.0000000e+000
 0.0000000e+000
 0.0000000e+000
 0.0000000e+000
 0.0000000e+000
 0.0000000e+000
 0.0000000e+000
 0.0000000e+000
 0.0000000e+000
 0.0000000e+000
 0.0000000e+000
 0.0000000e+000
 0.0000000e+000
 0.0000000e+000
 0.0000000e+000
 0.0000000e+000
 0.0000000e+000
 0.0000000e+000
 0.0000000e+000
 0.0000000e+000
 0.0000000e+000
 0.0000000e+000
 0.0000000e+000
 0.0000000e+000
 0.0000000e+000
 0.0000000e+000
 0.0000000e+000
 0.0000000e+000
 0.0000000e+000
 0.0000000e+000
 0.0000000e+000
 0.0000000e+000
 0.0000000e+000
 0.0000000e+000
 0.0000000e+000
 0.0000000e+000
 0.0000000e+000
 0.0000000e+000
 0.0000000e+000
 0.0000000e+000
 0.0000000e+000
 0.0000000e+000
 0.0000000e+000
 0.0000000e+000
 0.0000000e+000
 0.0000000e+000
 0.0000000e+000
 0.0000000e+000
 0.0000000e+000
 0.0000000e+000
 0.0000000e+000
 0.0000000e+000
 0.0000000e+000
 0.0000000e+000
 0.0000000e+000
 0.0000000e+000
 0.0000000e+000
 0.0000000e+000
 0.0000000e+000
 0.0000000e+000
 0.0000000e+000
 0.0000000e+000
 0.0000000e+000
 0.0000000e+000
 0.0000000e+000
 0.0000000e+000
 0.0000000e+000
 0.0000000e+000
 0.0000000e+000
 0.0000000e+000
 0.0000000e+000
 0.0000000e+000
 0.0000000e+000
 0.0000000e+000
 0.0000000e+000
 0.0000000e+000
 0.0000000e+000
 0.0000000e+000
 0.0000000e+000
 0.0000000e+000
 0.0000000e+000
 0.0000000e+000
 0.0000000e+000
 0.0000000e+000
 0.0000000e+000
 0.0000000e+000
 0.0000000e+000
 0.0000000e+000
 0.0000000e+000
 0.0000000e+000
 0.0000000e+000
 0.0000000e+000
 0.0000000e+000
 0.0000000e+000
 0.0000000e+000
 0.0000000e+000
 0.0000000e+000
 0.0000000e+000
 0.0000000e+000
 0.0000000e+000
 0.0000000e+000
 0.0000000e+000
 0.0000000e+000
 0.0000000e+000
 0.0000000e+000
 0.0000000e+000
 0.0000000e+000
 0.0000000e+000
 0.0000000e+000
 0.0000000e+000
 0.0000000e+000
 0.0000000e+000
 0.0000000e+000
 0.0000000e+000
 0.0000000e+000
 0.0000000e+000
 0.0000000e+000
 0.0000000e+000
 0.0000000e+000
 0.0000000e+000
 0.0000000e+000
 0.0000000e+000
 0.0000000e+000
 0.0000000e+000
 0.0000000e+000
 0.0000000e+000
 0.0000000e+000
 0.0000000e+000
 0.0000000e+000
 0.0000000e+000
 0.0000000e+000
 0.0000000e+000
 0.0000000e+000
 0.0000000e+000
 0.0000000e+000
 0.0000000e+000
 0.0000000e+000
 0.0000000e+000
 0.0000000e+000
 0.0000000e+000
 0.0000000e+000
 0.0000000e+000
 0.0000000e+000
 0.0000000e+000
 0.0000000e+000
 0.0000000e+000
 0.0000000e+000
 0.0000000e+000
 0.0000000e+000
 0.0000000e+000
 0.0000000e+000
 0.0000000e+000
 0.0000000e+000
 0.0000000e+000
 0.0000000e+000
 0.0000000e+000
 0.0000000e+000
 0.0000000e+000
 0.0000000e+000
 0.0000000e+000
 0.0000000e+000
 0.0000000e+000
 0.0000000e+000
 0.0000000e+000
 0.0000000e+000
 0.0000000e+000
 0.0000000e+000
 0.0000000e+000
 0.0000000e+000
 0.0000000e+000
 0.0000000e+000
 0.0000000e+000
 0.0000000e+000
 0.0000000e+000
 0.0000000e+000
 0.0000000e+000
 0.0000000e+000
 0.0000000e+000
 0.0000000e+000
 0.0000000e+000
 0.0000000e+000
 0.0000000e+000
 0.0000000e+000
 0.0000000e+000
 0.0000000e+000
 0.0000000e+000
 0.0000000e+000
 0.0000000e+000
 0.0000000e+000
 0.0000000e+000
 0.0000000e+000
 0.0000000e+000
 0.0000000e+000
 0.0000000e+000
 0.0000000e+000
 0.0000000e+000
 0.0000000e+000
 0.0000000e+000
 0.0000000e+000
 0.0000000e+000
 0.0000000e+000
 0.0000000e+000
 0.0000000e+000
 0.0000000e+000
 0.0000000e+000
 0.0000000e+000
 0.0000000e+000
 0.0000000e+000
 0.0000000e+000
 0.0000000e+000
 0.0000000e+000
 0.0000000e+000
 0.0000000e+000
 0.0000000e+000
 0.0000000e+000
 0.0000000e+000
 0.0000000e+000
 0.0000000e+000
 0.0000000e+000
 0.0000000e+000
 0.0000000e+000
 0.0000000e+000
 0.0000000e+000
 0.0000000e+000
 0.0000000e+000
 0.0000000e+000
 0.0000000e+000
 0.0000000e+000
 0.0000000e+000
 0.0000000e+000
 0.0000000e+000
 0.0000000e+000
 0.0000000e+000
 0.0000000e+000
 0.0000000e+000
 0.0000000e+000
 0.0000000e+000
 0.0000000e+000
 0.0000000e+000
 0.0000000e+000
 0.0000000e+000
 0.0000000e+000
 0.0000000e+000
 0.0000000e+000
 0.0000000e+000
 0.0000000e+000
 0.0000000e+000
 0.0000000e+000
 0.0000000e+000
 0.0000000e+000
 0.0000000e+000
 0.0000000e+000
 0.0000000e+000
 0.0000000e+000
 0.0000000e+000
 0.0000000e+000
 0.0000000e+000
 0.0000000e+000
 0.0000000e+000
 0.0000000e+000
 0.0000000e+000
 0.0000000e+000
 0.0000000e+000
 0.0000000e+000
 0.0000000e+000
 0.0000000e+000
 0.0000000e+000
 0.0000000e+000
 0.0000000e+000
 0.0000000e+000
 0.0000000e+000
 0.0000000e+000
 0.0000000e+000
 0.0000000e+000
 0.0000000e+000
 0.0000000e+000
 0.0000000e+000
 0.0000000e+000
 0.0000000e+000
 0.0000000e+000
 0.0000000e+000
 0.0000000e+000
 0.0000000e+000
 0.0000000e+000
 0.0000000e+000
 0.0000000e+000
 0.0000000e+000
 0.0000000e+000
 0.0000000e+000
 0.0000000e+000
 0.0000000e+000
 0.0000000e+000
 0.0000000e+000
 0.0000000e+000
 0.0000000e+000
 0.0000000e+000
 0.0000000e+000
 0.0000000e+000
 0.0000000e+000
 0.0000000e+000
 0.0000000e+000
 0.0000000e+000
 0.0000000e+000
 0.0000000e+000
 0.0000000e+000
 0.0000000e+000
 0.0000000e+000
 0.0000000e+000
 0.0000000e+000
 0.0000000e+000
 0.0000000e+000
 0.0000000e+000
 0.0000000e+000
 0.0000000e+000
 0.0000000e+000
 0.0000000e+000
 0.0000000e+000
 0.0000000e+000
 0.0000000e+000
 0.0000000e+000
 0.0000000e+000
 0.0000000e+000
 0.0000000e+000
 0.0000000e+000
 0.0000000e+000
 0.0000000e+000
 0.0000000e+000
 0.0000000e+000
 0.0000000e+000
 0.0000000e+000
 0.0000000e+000
 0.0000000e+000
 0.0000000e+000
 0.0000000e+000
 0.0000000e+000
 0.0000000e+000
 0.0000000e+000
 0.0000000e+000
 0.0000000e+000
 0.0000000e+000
 0.0000000e+000
 0.0000000e+000
 0.0000000e+000
 0.0000000e+000
 0.0000000e+000
 0.0000000e+000
 0.0000000e+000
 0.0000000e+000
 0.0000000e+000
 0.0000000e+000
 0.0000000e+000
 0.0000000e+000
 0.0000000e+000
 0.0000000e+000
 0.0000000e+000
 0.0000000e+000
 0.0000000e+000
 0.0000000e+000
 0.0000000e+000
 0.0000000e+000
 0.0000000e+000
 0.0000000e+000
 0.0000000e+000
 0.0000000e+000
 0.0000000e+000
 0.0000000e+000
 0.0000000e+000
 0.0000000e+000
 0.0000000e+000
 0.0000000e+000
 0.0000000e+000
 0.0000000e+000
 0.0000000e+000
 0.0000000e+000
 0.0000000e+000
 0.0000000e+000
 0.0000000e+000
 0.0000000e+000
 0.0000000e+000
 0.0000000e+000
 0.0000000e+000
 0.0000000e+000
 0.0000000e+000
 0.0000000e+000
 0.0000000e+000
 0.0000000e+000
 0.0000000e+000
 0.0000000e+000
 0.0000000e+000
 0.0000000e+000
 0.0000000e+000
 0.0000000e+000
 0.0000000e+000
 0.0000000e+000
 0.0000000e+000
 0.0000000e+000
 0.0000000e+000
 0.0000000e+000
 0.0000000e+000
 0.0000000e+000
 0.0000000e+000
 0.0000000e+000
 0.0000000e+000
 0.0000000e+000
