 S07ASTER Record=19: Wavelengths in microns for ASTER SRFs   
 4.7999999e-001
 4.8400000e-001
 4.8800001e-001
 4.9200001e-001
 4.9599999e-001
 5.0000000e-001
 5.0400001e-001
 5.0800002e-001
 5.1200002e-001
 5.1599997e-001
 5.1999998e-001
 5.2399999e-001
 5.2800000e-001
 5.3200001e-001
 5.3600001e-001
 5.4000002e-001
 5.4400003e-001
 5.4799998e-001
 5.5199999e-001
 5.5599999e-001
 5.6000000e-001
 5.6400001e-001
 5.6800002e-001
 5.7200003e-001
 5.7599998e-001
 5.7999998e-001
 5.8399999e-001
 5.8800000e-001
 5.8999997e-001
 5.9200001e-001
 5.9299999e-001
 5.9600002e-001
 5.9899998e-001
 6.0000002e-001
 6.0200000e-001
 6.0399997e-001
 6.0500002e-001
 6.0799998e-001
 6.1100000e-001
 6.1199999e-001
 6.1400002e-001
 6.1600000e-001
 6.1699998e-001
 6.2000000e-001
 6.2300003e-001
 6.2400001e-001
 6.2599999e-001
 6.2800002e-001
 6.2900001e-001
 6.3200003e-001
 6.3499999e-001
 6.3599998e-001
 6.3800001e-001
 6.3999999e-001
 6.4099997e-001
 6.4399999e-001
 6.4700001e-001
 6.4999998e-001
 6.5300000e-001
 6.5600002e-001
 6.5899998e-001
 6.6000003e-001
 6.6200000e-001
 6.6500002e-001
 6.6799998e-001
 6.7000002e-001
 6.7100000e-001
 6.7400002e-001
 6.7699999e-001
 6.8000001e-001
 6.8300003e-001
 6.8599999e-001
 6.8900001e-001
 6.9000000e-001
 6.9199997e-001
 6.9499999e-001
 6.9800001e-001
 6.9999999e-001
 7.0099998e-001
 7.0400000e-001
 7.0700002e-001
 7.0999998e-001
 7.1300000e-001
 7.1600002e-001
 7.1899998e-001
 7.2000003e-001
 7.2399998e-001
 7.2500002e-001
 7.2799999e-001
 7.3000002e-001
 7.3100001e-001
 7.3199999e-001
 7.3600000e-001
 7.4000001e-001
 7.4400002e-001
 7.4800003e-001
 7.5000000e-001
 7.5199997e-001
 7.5599998e-001
 7.5999999e-001
 7.6400000e-001
 7.6800001e-001
 7.6999998e-001
 7.7200001e-001
 7.7600002e-001
 7.7999997e-001
 7.8399998e-001
 7.8799999e-001
 7.9200000e-001
 7.9600000e-001
 8.0000001e-001
 8.0400002e-001
 8.0800003e-001
 8.1199998e-001
 8.1599998e-001
 8.1999999e-001
 8.2400000e-001
 8.2800001e-001
 8.3200002e-001
 8.3600003e-001
 8.3999997e-001
 8.4399998e-001
 8.4799999e-001
 8.5200000e-001
 8.5600001e-001
 8.6000001e-001
 8.6400002e-001
 8.6799997e-001
 8.7199998e-001
 8.7599999e-001
 8.8000000e-001
 8.8400000e-001
 8.8800001e-001
 8.9200002e-001
 8.9600003e-001
 8.9999998e-001
 9.0399998e-001
 9.0799999e-001
 9.1200000e-001
 9.1600001e-001
 9.2000002e-001
 9.2400002e-001
 1.0000000e+000
 1.0480000e+000
 1.0960000e+000
 1.1440001e+000
 1.1920000e+000
 1.2400000e+000
 1.2880000e+000
 1.3360000e+000
 1.3839999e+000
 1.4320000e+000
 1.4800000e+000
 1.5280000e+000
 1.5700001e+000
 1.5800000e+000
 1.5900000e+000
 1.5925000e+000
 1.5950000e+000
 1.5975000e+000
 1.6000000e+000
 1.6025000e+000
 1.6050000e+000
 1.6075000e+000
 1.6100000e+000
 1.6125000e+000
 1.6150000e+000
 1.6174999e+000
 1.6200000e+000
 1.6224999e+000
 1.6250000e+000
 1.6275001e+000
 1.6300000e+000
 1.6325001e+000
 1.6350000e+000
 1.6375000e+000
 1.6400000e+000
 1.6425000e+000
 1.6450000e+000
 1.6475000e+000
 1.6500000e+000
 1.6525000e+000
 1.6550000e+000
 1.6575000e+000
 1.6600000e+000
 1.6625000e+000
 1.6650000e+000
 1.6675000e+000
 1.6700000e+000
 1.6725000e+000
 1.6750000e+000
 1.6775000e+000
 1.6799999e+000
 1.6825000e+000
 1.6849999e+000
 1.6875000e+000
 1.6900001e+000
 1.6925000e+000
 1.6950001e+000
 1.6975000e+000
 1.7000000e+000
 1.7025000e+000
 1.7050000e+000
 1.7075000e+000
 1.7100000e+000
 1.7200000e+000
 1.7300000e+000
 1.7400000e+000
 1.7500000e+000
 1.7680000e+000
 1.8160000e+000
 1.8640000e+000
 1.9119999e+000
 1.9600000e+000
 2.0079999e+000
 2.0560000e+000
 2.1040001e+000
 2.1199999e+000
 2.1300001e+000
 2.1324999e+000
 2.1350000e+000
 2.1375000e+000
 2.1400001e+000
 2.1424999e+000
 2.1450000e+000
 2.1475000e+000
 2.1500001e+000
 2.1520000e+000
 2.1524999e+000
 2.1550000e+000
 2.1575000e+000
 2.1600001e+000
 2.1624999e+000
 2.1650000e+000
 2.1675000e+000
 2.1700001e+000
 2.1724999e+000
 2.1750000e+000
 2.1775000e+000
 2.1800001e+000
 2.1824999e+000
 2.1849999e+000
 2.1875000e+000
 2.1900001e+000
 2.1925001e+000
 2.1949999e+000
 2.1975000e+000
 2.2000000e+000
 2.2025001e+000
 2.2049999e+000
 2.2075000e+000
 2.2100000e+000
 2.2125001e+000
 2.2149999e+000
 2.2175000e+000
 2.2200000e+000
 2.2225001e+000
 2.2249999e+000
 2.2275000e+000
 2.2300000e+000
 2.2325001e+000
 2.2344999e+000
 2.2349999e+000
 2.2375000e+000
 2.2390001e+000
 2.2400000e+000
 2.2425001e+000
 2.2435000e+000
 2.2449999e+000
 2.2474999e+000
 2.2479999e+000
 2.2500000e+000
 2.2525001e+000
 2.2550001e+000
 2.2574999e+000
 2.2600000e+000
 2.2625000e+000
 2.2650001e+000
 2.2674999e+000
 2.2700000e+000
 2.2720001e+000
 2.2725000e+000
 2.2750001e+000
 2.2765000e+000
 2.2774999e+000
 2.2800000e+000
 2.2825000e+000
 2.2830000e+000
 2.2839999e+000
 2.2850001e+000
 2.2874999e+000
 2.2895000e+000
 2.2900000e+000
 2.2925000e+000
 2.2950001e+000
 2.2960000e+000
 2.2974999e+000
 2.3000000e+000
 2.3025000e+000
 2.3050001e+000
 2.3074999e+000
 2.3099999e+000
 2.3125000e+000
 2.3150001e+000
 2.3175001e+000
 2.3199999e+000
 2.3225000e+000
 2.3250000e+000
 2.3260000e+000
 2.3275001e+000
 2.3299999e+000
 2.3320000e+000
 2.3325000e+000
 2.3350000e+000
 2.3375001e+000
 2.3380001e+000
 2.3399999e+000
 2.3425000e+000
 2.3440001e+000
 2.3450000e+000
 2.3475001e+000
 2.3499999e+000
 2.3525000e+000
 2.3550000e+000
 2.3559999e+000
 2.3575001e+000
 2.3599999e+000
 2.3625000e+000
 2.3650000e+000
 2.3675001e+000
 2.3680000e+000
 2.3699999e+000
 2.3724999e+000
 2.3750000e+000
 2.3775001e+000
 2.3800001e+000
 2.3824999e+000
 2.3850000e+000
 2.3875000e+000
 2.3900001e+000
 2.3920000e+000
 2.3924999e+000
 2.3950000e+000
 2.3975000e+000
 2.4000001e+000
 2.4024999e+000
 2.4050000e+000
 2.4075000e+000
 2.4100001e+000
 2.4124999e+000
 2.4150000e+000
 2.4175000e+000
 2.4200001e+000
 2.4224999e+000
 2.4250000e+000
 2.4275000e+000
 2.4300001e+000
 2.4324999e+000
 2.4349999e+000
 2.4375000e+000
 2.4400001e+000
 2.4500000e+000
 2.4600000e+000
 2.4700000e+000
 2.4800000e+000
 2.4879999e+000
 2.5360000e+000
 2.5840001e+000
 2.6320000e+000
 2.6800001e+000
 2.7279999e+000
 2.7760000e+000
 2.8239999e+000
 2.8720000e+000
 2.9200001e+000
 2.9679999e+000
 3.0160000e+000
 3.0639999e+000
 3.1120000e+000
 3.1600001e+000
 3.2079999e+000
 3.2560000e+000
 3.3039999e+000
 3.3520000e+000
 3.4000001e+000
