 S07SNTL2 Record=40: SRF Band 3 Sentinel2 Band B3            
 0.0000000e+000
 0.0000000e+000
 0.0000000e+000
 0.0000000e+000
 0.0000000e+000
 0.0000000e+000
 0.0000000e+000
 0.0000000e+000
 0.0000000e+000
 0.0000000e+000
 0.0000000e+000
 0.0000000e+000
 0.0000000e+000
 0.0000000e+000
 0.0000000e+000
 0.0000000e+000
 0.0000000e+000
 0.0000000e+000
 0.0000000e+000
 0.0000000e+000
 0.0000000e+000
 0.0000000e+000
 0.0000000e+000
 0.0000000e+000
 0.0000000e+000
 0.0000000e+000
 0.0000000e+000
 0.0000000e+000
 0.0000000e+000
 0.0000000e+000
 0.0000000e+000
 0.0000000e+000
 0.0000000e+000
 0.0000000e+000
 0.0000000e+000
 0.0000000e+000
 0.0000000e+000
 0.0000000e+000
 0.0000000e+000
 0.0000000e+000
 0.0000000e+000
 0.0000000e+000
 0.0000000e+000
 0.0000000e+000
 0.0000000e+000
 0.0000000e+000
 0.0000000e+000
 0.0000000e+000
 0.0000000e+000
 0.0000000e+000
 0.0000000e+000
 0.0000000e+000
 0.0000000e+000
 0.0000000e+000
 0.0000000e+000
 0.0000000e+000
 0.0000000e+000
 0.0000000e+000
 0.0000000e+000
 0.0000000e+000
 0.0000000e+000
 0.0000000e+000
 0.0000000e+000
 0.0000000e+000
 0.0000000e+000
 0.0000000e+000
 0.0000000e+000
 0.0000000e+000
 0.0000000e+000
 0.0000000e+000
 0.0000000e+000
 0.0000000e+000
 0.0000000e+000
 0.0000000e+000
 0.0000000e+000
 0.0000000e+000
 0.0000000e+000
 0.0000000e+000
 0.0000000e+000
 0.0000000e+000
 0.0000000e+000
 0.0000000e+000
 0.0000000e+000
 0.0000000e+000
 0.0000000e+000
 0.0000000e+000
 0.0000000e+000
 0.0000000e+000
 0.0000000e+000
 0.0000000e+000
 0.0000000e+000
 0.0000000e+000
 0.0000000e+000
 0.0000000e+000
 0.0000000e+000
 0.0000000e+000
 0.0000000e+000
 0.0000000e+000
 0.0000000e+000
 0.0000000e+000
 0.0000000e+000
 0.0000000e+000
 0.0000000e+000
 0.0000000e+000
 0.0000000e+000
 0.0000000e+000
 0.0000000e+000
 0.0000000e+000
 0.0000000e+000
 0.0000000e+000
 0.0000000e+000
 0.0000000e+000
 0.0000000e+000
 0.0000000e+000
 0.0000000e+000
 0.0000000e+000
 0.0000000e+000
 0.0000000e+000
 0.0000000e+000
 0.0000000e+000
 0.0000000e+000
 0.0000000e+000
 0.0000000e+000
 0.0000000e+000
 0.0000000e+000
 0.0000000e+000
 0.0000000e+000
 0.0000000e+000
 0.0000000e+000
 0.0000000e+000
 0.0000000e+000
 0.0000000e+000
 0.0000000e+000
 0.0000000e+000
 0.0000000e+000
 0.0000000e+000
 0.0000000e+000
 0.0000000e+000
 0.0000000e+000
 0.0000000e+000
 0.0000000e+000
 0.0000000e+000
 0.0000000e+000
 0.0000000e+000
 0.0000000e+000
 0.0000000e+000
 0.0000000e+000
 0.0000000e+000
 0.0000000e+000
 0.0000000e+000
 0.0000000e+000
 0.0000000e+000
 0.0000000e+000
 0.0000000e+000
 0.0000000e+000
 0.0000000e+000
 0.0000000e+000
 0.0000000e+000
 0.0000000e+000
 0.0000000e+000
 0.0000000e+000
 0.0000000e+000
 0.0000000e+000
 0.0000000e+000
 0.0000000e+000
 0.0000000e+000
 0.0000000e+000
 0.0000000e+000
 0.0000000e+000
 0.0000000e+000
 0.0000000e+000
 0.0000000e+000
 0.0000000e+000
 0.0000000e+000
 0.0000000e+000
 0.0000000e+000
 0.0000000e+000
 0.0000000e+000
 0.0000000e+000
 0.0000000e+000
 0.0000000e+000
 0.0000000e+000
 0.0000000e+000
 0.0000000e+000
 0.0000000e+000
 0.0000000e+000
 0.0000000e+000
 0.0000000e+000
 0.0000000e+000
 0.0000000e+000
 0.0000000e+000
 0.0000000e+000
 0.0000000e+000
 0.0000000e+000
 0.0000000e+000
 0.0000000e+000
 0.0000000e+000
 0.0000000e+000
 0.0000000e+000
 0.0000000e+000
 0.0000000e+000
 0.0000000e+000
 0.0000000e+000
 0.0000000e+000
 0.0000000e+000
 0.0000000e+000
 0.0000000e+000
 0.0000000e+000
 0.0000000e+000
 0.0000000e+000
 0.0000000e+000
 0.0000000e+000
 0.0000000e+000
 0.0000000e+000
 0.0000000e+000
 0.0000000e+000
 0.0000000e+000
 0.0000000e+000
 0.0000000e+000
 0.0000000e+000
 0.0000000e+000
 0.0000000e+000
 0.0000000e+000
 0.0000000e+000
 0.0000000e+000
 0.0000000e+000
 0.0000000e+000
 0.0000000e+000
 0.0000000e+000
 0.0000000e+000
 0.0000000e+000
 0.0000000e+000
 0.0000000e+000
 0.0000000e+000
 0.0000000e+000
 0.0000000e+000
 0.0000000e+000
 8.4012398e-004
 1.6371608e-002
 3.7688293e-002
 8.0665030e-002
 1.6950886e-001
 3.4137440e-001
 5.7303113e-001
 7.4671143e-001
 8.2803619e-001
 8.6822754e-001
 8.8856500e-001
 8.9157242e-001
 8.7815034e-001
 8.6027056e-001
 8.4369785e-001
 8.3403462e-001
 8.3261687e-001
 8.4496826e-001
 8.6773390e-001
 8.9736086e-001
 9.3393815e-001
 9.6692264e-001
 9.9076200e-001
 1.0000000e+000
 9.9781162e-001
 9.8110735e-001
 9.4708800e-001
 9.0718329e-001
 8.6865616e-001
 8.3762157e-001
 8.1290978e-001
 7.9243356e-001
 7.8509980e-001
 7.8960609e-001
 8.0701119e-001
 8.3045769e-001
 8.4643281e-001
 8.5840178e-001
 8.5799021e-001
 7.9982406e-001
 6.2497991e-001
 3.8699350e-001
 2.0017876e-001
 9.8292954e-002
 4.2843573e-002
 1.6512360e-002
 0.0000000e+000
 0.0000000e+000
 0.0000000e+000
 0.0000000e+000
 0.0000000e+000
 0.0000000e+000
 0.0000000e+000
 0.0000000e+000
 0.0000000e+000
 0.0000000e+000
 0.0000000e+000
 0.0000000e+000
 0.0000000e+000
 0.0000000e+000
 0.0000000e+000
 0.0000000e+000
 0.0000000e+000
 0.0000000e+000
 0.0000000e+000
 0.0000000e+000
 0.0000000e+000
 0.0000000e+000
 0.0000000e+000
 0.0000000e+000
 0.0000000e+000
 0.0000000e+000
 0.0000000e+000
 0.0000000e+000
 0.0000000e+000
 0.0000000e+000
 0.0000000e+000
 0.0000000e+000
 0.0000000e+000
 0.0000000e+000
 0.0000000e+000
 0.0000000e+000
 0.0000000e+000
 0.0000000e+000
 0.0000000e+000
 0.0000000e+000
 0.0000000e+000
 0.0000000e+000
 0.0000000e+000
 0.0000000e+000
 0.0000000e+000
 0.0000000e+000
 0.0000000e+000
 0.0000000e+000
 0.0000000e+000
 0.0000000e+000
 0.0000000e+000
 0.0000000e+000
 0.0000000e+000
 0.0000000e+000
 0.0000000e+000
 0.0000000e+000
 0.0000000e+000
 0.0000000e+000
 0.0000000e+000
 0.0000000e+000
 0.0000000e+000
 0.0000000e+000
 0.0000000e+000
 0.0000000e+000
 0.0000000e+000
 0.0000000e+000
 0.0000000e+000
 0.0000000e+000
 0.0000000e+000
 0.0000000e+000
 0.0000000e+000
 0.0000000e+000
 0.0000000e+000
 0.0000000e+000
 0.0000000e+000
 0.0000000e+000
 0.0000000e+000
 0.0000000e+000
 0.0000000e+000
 0.0000000e+000
 0.0000000e+000
 0.0000000e+000
 0.0000000e+000
 0.0000000e+000
 0.0000000e+000
 0.0000000e+000
 0.0000000e+000
 0.0000000e+000
 0.0000000e+000
 0.0000000e+000
 0.0000000e+000
 0.0000000e+000
 0.0000000e+000
 0.0000000e+000
 0.0000000e+000
 0.0000000e+000
 0.0000000e+000
 0.0000000e+000
 0.0000000e+000
 0.0000000e+000
 0.0000000e+000
 0.0000000e+000
 0.0000000e+000
 0.0000000e+000
 0.0000000e+000
 0.0000000e+000
 0.0000000e+000
 0.0000000e+000
 0.0000000e+000
 0.0000000e+000
 0.0000000e+000
 0.0000000e+000
 0.0000000e+000
 0.0000000e+000
 0.0000000e+000
 0.0000000e+000
 0.0000000e+000
 0.0000000e+000
 0.0000000e+000
 0.0000000e+000
 0.0000000e+000
 0.0000000e+000
 0.0000000e+000
 0.0000000e+000
 0.0000000e+000
 0.0000000e+000
 0.0000000e+000
 0.0000000e+000
 0.0000000e+000
 0.0000000e+000
 0.0000000e+000
 0.0000000e+000
 0.0000000e+000
 0.0000000e+000
 0.0000000e+000
 0.0000000e+000
 0.0000000e+000
 0.0000000e+000
 0.0000000e+000
 0.0000000e+000
 0.0000000e+000
 0.0000000e+000
 0.0000000e+000
 0.0000000e+000
 0.0000000e+000
 0.0000000e+000
 0.0000000e+000
 0.0000000e+000
 0.0000000e+000
 0.0000000e+000
 0.0000000e+000
 0.0000000e+000
 0.0000000e+000
 0.0000000e+000
 0.0000000e+000
 0.0000000e+000
 0.0000000e+000
 0.0000000e+000
 0.0000000e+000
 0.0000000e+000
 0.0000000e+000
 0.0000000e+000
 0.0000000e+000
 0.0000000e+000
 0.0000000e+000
 0.0000000e+000
 0.0000000e+000
 0.0000000e+000
 0.0000000e+000
 0.0000000e+000
 0.0000000e+000
 0.0000000e+000
 0.0000000e+000
 0.0000000e+000
 0.0000000e+000
 0.0000000e+000
 0.0000000e+000
 0.0000000e+000
 0.0000000e+000
 0.0000000e+000
 0.0000000e+000
 0.0000000e+000
 0.0000000e+000
 0.0000000e+000
 0.0000000e+000
 0.0000000e+000
 0.0000000e+000
 0.0000000e+000
 0.0000000e+000
 0.0000000e+000
 0.0000000e+000
 0.0000000e+000
 0.0000000e+000
 0.0000000e+000
 0.0000000e+000
 0.0000000e+000
 0.0000000e+000
 0.0000000e+000
 0.0000000e+000
 0.0000000e+000
 0.0000000e+000
 0.0000000e+000
 0.0000000e+000
 0.0000000e+000
 0.0000000e+000
 0.0000000e+000
 0.0000000e+000
 0.0000000e+000
 0.0000000e+000
 0.0000000e+000
 0.0000000e+000
 0.0000000e+000
 0.0000000e+000
 0.0000000e+000
 0.0000000e+000
 0.0000000e+000
 0.0000000e+000
 0.0000000e+000
 0.0000000e+000
 0.0000000e+000
 0.0000000e+000
 0.0000000e+000
 0.0000000e+000
 0.0000000e+000
 0.0000000e+000
 0.0000000e+000
 0.0000000e+000
 0.0000000e+000
 0.0000000e+000
 0.0000000e+000
 0.0000000e+000
 0.0000000e+000
 0.0000000e+000
 0.0000000e+000
 0.0000000e+000
 0.0000000e+000
 0.0000000e+000
 0.0000000e+000
 0.0000000e+000
 0.0000000e+000
 0.0000000e+000
 0.0000000e+000
 0.0000000e+000
 0.0000000e+000
 0.0000000e+000
 0.0000000e+000
 0.0000000e+000
 0.0000000e+000
 0.0000000e+000
 0.0000000e+000
 0.0000000e+000
 0.0000000e+000
 0.0000000e+000
 0.0000000e+000
 0.0000000e+000
 0.0000000e+000
 0.0000000e+000
 0.0000000e+000
 0.0000000e+000
 0.0000000e+000
 0.0000000e+000
 0.0000000e+000
 0.0000000e+000
 0.0000000e+000
 0.0000000e+000
 0.0000000e+000
 0.0000000e+000
 0.0000000e+000
 0.0000000e+000
 0.0000000e+000
 0.0000000e+000
 0.0000000e+000
 0.0000000e+000
 0.0000000e+000
 0.0000000e+000
 0.0000000e+000
 0.0000000e+000
 0.0000000e+000
 0.0000000e+000
 0.0000000e+000
 0.0000000e+000
 0.0000000e+000
 0.0000000e+000
 0.0000000e+000
 0.0000000e+000
 0.0000000e+000
 0.0000000e+000
 0.0000000e+000
 0.0000000e+000
 0.0000000e+000
 0.0000000e+000
 0.0000000e+000
 0.0000000e+000
 0.0000000e+000
 0.0000000e+000
 0.0000000e+000
 0.0000000e+000
 0.0000000e+000
 0.0000000e+000
 0.0000000e+000
 0.0000000e+000
 0.0000000e+000
 0.0000000e+000
 0.0000000e+000
 0.0000000e+000
 0.0000000e+000
 0.0000000e+000
 0.0000000e+000
 0.0000000e+000
 0.0000000e+000
 0.0000000e+000
 0.0000000e+000
 0.0000000e+000
 0.0000000e+000
 0.0000000e+000
 0.0000000e+000
 0.0000000e+000
 0.0000000e+000
 0.0000000e+000
 0.0000000e+000
 0.0000000e+000
 0.0000000e+000
 0.0000000e+000
 0.0000000e+000
 0.0000000e+000
 0.0000000e+000
 0.0000000e+000
 0.0000000e+000
 0.0000000e+000
 0.0000000e+000
 0.0000000e+000
 0.0000000e+000
 0.0000000e+000
 0.0000000e+000
 0.0000000e+000
 0.0000000e+000
 0.0000000e+000
 0.0000000e+000
 0.0000000e+000
 0.0000000e+000
 0.0000000e+000
 0.0000000e+000
 0.0000000e+000
 0.0000000e+000
 0.0000000e+000
 0.0000000e+000
 0.0000000e+000
 0.0000000e+000
 0.0000000e+000
 0.0000000e+000
 0.0000000e+000
 0.0000000e+000
 0.0000000e+000
 0.0000000e+000
 0.0000000e+000
 0.0000000e+000
 0.0000000e+000
 0.0000000e+000
 0.0000000e+000
 0.0000000e+000
 0.0000000e+000
 0.0000000e+000
 0.0000000e+000
 0.0000000e+000
 0.0000000e+000
 0.0000000e+000
 0.0000000e+000
 0.0000000e+000
 0.0000000e+000
 0.0000000e+000
 0.0000000e+000
 0.0000000e+000
 0.0000000e+000
 0.0000000e+000
 0.0000000e+000
 0.0000000e+000
 0.0000000e+000
 0.0000000e+000
 0.0000000e+000
 0.0000000e+000
 0.0000000e+000
 0.0000000e+000
 0.0000000e+000
 0.0000000e+000
 0.0000000e+000
 0.0000000e+000
 0.0000000e+000
 0.0000000e+000
 0.0000000e+000
 0.0000000e+000
 0.0000000e+000
 0.0000000e+000
 0.0000000e+000
 0.0000000e+000
 0.0000000e+000
 0.0000000e+000
 0.0000000e+000
 0.0000000e+000
 0.0000000e+000
 0.0000000e+000
 0.0000000e+000
 0.0000000e+000
 0.0000000e+000
 0.0000000e+000
 0.0000000e+000
 0.0000000e+000
 0.0000000e+000
 0.0000000e+000
 0.0000000e+000
 0.0000000e+000
 0.0000000e+000
 0.0000000e+000
 0.0000000e+000
 0.0000000e+000
 0.0000000e+000
 0.0000000e+000
 0.0000000e+000
 0.0000000e+000
 0.0000000e+000
 0.0000000e+000
 0.0000000e+000
 0.0000000e+000
 0.0000000e+000
 0.0000000e+000
 0.0000000e+000
 0.0000000e+000
 0.0000000e+000
 0.0000000e+000
 0.0000000e+000
 0.0000000e+000
 0.0000000e+000
 0.0000000e+000
 0.0000000e+000
 0.0000000e+000
 0.0000000e+000
 0.0000000e+000
 0.0000000e+000
 0.0000000e+000
 0.0000000e+000
 0.0000000e+000
 0.0000000e+000
 0.0000000e+000
 0.0000000e+000
 0.0000000e+000
 0.0000000e+000
 0.0000000e+000
 0.0000000e+000
 0.0000000e+000
 0.0000000e+000
 0.0000000e+000
 0.0000000e+000
 0.0000000e+000
 0.0000000e+000
 0.0000000e+000
 0.0000000e+000
 0.0000000e+000
 0.0000000e+000
 0.0000000e+000
 0.0000000e+000
 0.0000000e+000
 0.0000000e+000
 0.0000000e+000
 0.0000000e+000
 0.0000000e+000
 0.0000000e+000
 0.0000000e+000
 0.0000000e+000
 0.0000000e+000
 0.0000000e+000
 0.0000000e+000
 0.0000000e+000
 0.0000000e+000
 0.0000000e+000
 0.0000000e+000
 0.0000000e+000
 0.0000000e+000
 0.0000000e+000
 0.0000000e+000
 0.0000000e+000
 0.0000000e+000
 0.0000000e+000
 0.0000000e+000
 0.0000000e+000
 0.0000000e+000
 0.0000000e+000
 0.0000000e+000
 0.0000000e+000
 0.0000000e+000
 0.0000000e+000
 0.0000000e+000
 0.0000000e+000
 0.0000000e+000
 0.0000000e+000
 0.0000000e+000
 0.0000000e+000
 0.0000000e+000
 0.0000000e+000
 0.0000000e+000
 0.0000000e+000
 0.0000000e+000
 0.0000000e+000
 0.0000000e+000
 0.0000000e+000
 0.0000000e+000
 0.0000000e+000
 0.0000000e+000
 0.0000000e+000
 0.0000000e+000
 0.0000000e+000
 0.0000000e+000
 0.0000000e+000
 0.0000000e+000
 0.0000000e+000
 0.0000000e+000
 0.0000000e+000
 0.0000000e+000
 0.0000000e+000
 0.0000000e+000
 0.0000000e+000
 0.0000000e+000
 0.0000000e+000
 0.0000000e+000
 0.0000000e+000
 0.0000000e+000
 0.0000000e+000
 0.0000000e+000
 0.0000000e+000
 0.0000000e+000
 0.0000000e+000
 0.0000000e+000
 0.0000000e+000
 0.0000000e+000
 0.0000000e+000
 0.0000000e+000
 0.0000000e+000
 0.0000000e+000
 0.0000000e+000
 0.0000000e+000
 0.0000000e+000
 0.0000000e+000
 0.0000000e+000
 0.0000000e+000
 0.0000000e+000
 0.0000000e+000
 0.0000000e+000
 0.0000000e+000
 0.0000000e+000
 0.0000000e+000
 0.0000000e+000
 0.0000000e+000
 0.0000000e+000
 0.0000000e+000
 0.0000000e+000
 0.0000000e+000
 0.0000000e+000
 0.0000000e+000
 0.0000000e+000
 0.0000000e+000
 0.0000000e+000
 0.0000000e+000
 0.0000000e+000
 0.0000000e+000
 0.0000000e+000
 0.0000000e+000
 0.0000000e+000
 0.0000000e+000
 0.0000000e+000
 0.0000000e+000
 0.0000000e+000
 0.0000000e+000
 0.0000000e+000
 0.0000000e+000
 0.0000000e+000
 0.0000000e+000
 0.0000000e+000
 0.0000000e+000
 0.0000000e+000
 0.0000000e+000
 0.0000000e+000
 0.0000000e+000
 0.0000000e+000
 0.0000000e+000
 0.0000000e+000
 0.0000000e+000
 0.0000000e+000
 0.0000000e+000
 0.0000000e+000
 0.0000000e+000
 0.0000000e+000
 0.0000000e+000
 0.0000000e+000
 0.0000000e+000
 0.0000000e+000
 0.0000000e+000
 0.0000000e+000
 0.0000000e+000
 0.0000000e+000
 0.0000000e+000
 0.0000000e+000
 0.0000000e+000
 0.0000000e+000
 0.0000000e+000
 0.0000000e+000
 0.0000000e+000
 0.0000000e+000
 0.0000000e+000
 0.0000000e+000
 0.0000000e+000
 0.0000000e+000
 0.0000000e+000
 0.0000000e+000
 0.0000000e+000
 0.0000000e+000
 0.0000000e+000
 0.0000000e+000
 0.0000000e+000
 0.0000000e+000
 0.0000000e+000
 0.0000000e+000
 0.0000000e+000
 0.0000000e+000
 0.0000000e+000
 0.0000000e+000
 0.0000000e+000
 0.0000000e+000
 0.0000000e+000
 0.0000000e+000
 0.0000000e+000
 0.0000000e+000
 0.0000000e+000
 0.0000000e+000
 0.0000000e+000
 0.0000000e+000
 0.0000000e+000
 0.0000000e+000
 0.0000000e+000
 0.0000000e+000
 0.0000000e+000
 0.0000000e+000
 0.0000000e+000
 0.0000000e+000
 0.0000000e+000
 0.0000000e+000
 0.0000000e+000
 0.0000000e+000
 0.0000000e+000
 0.0000000e+000
 0.0000000e+000
 0.0000000e+000
 0.0000000e+000
 0.0000000e+000
 0.0000000e+000
 0.0000000e+000
 0.0000000e+000
 0.0000000e+000
 0.0000000e+000
 0.0000000e+000
 0.0000000e+000
 0.0000000e+000
 0.0000000e+000
 0.0000000e+000
 0.0000000e+000
 0.0000000e+000
 0.0000000e+000
 0.0000000e+000
 0.0000000e+000
 0.0000000e+000
 0.0000000e+000
 0.0000000e+000
 0.0000000e+000
 0.0000000e+000
 0.0000000e+000
 0.0000000e+000
 0.0000000e+000
 0.0000000e+000
 0.0000000e+000
 0.0000000e+000
 0.0000000e+000
 0.0000000e+000
 0.0000000e+000
 0.0000000e+000
 0.0000000e+000
 0.0000000e+000
 0.0000000e+000
 0.0000000e+000
 0.0000000e+000
 0.0000000e+000
 0.0000000e+000
 0.0000000e+000
 0.0000000e+000
 0.0000000e+000
 0.0000000e+000
 0.0000000e+000
 0.0000000e+000
 0.0000000e+000
 0.0000000e+000
 0.0000000e+000
 0.0000000e+000
 0.0000000e+000
 0.0000000e+000
 0.0000000e+000
 0.0000000e+000
 0.0000000e+000
 0.0000000e+000
 0.0000000e+000
 0.0000000e+000
 0.0000000e+000
 0.0000000e+000
 0.0000000e+000
 0.0000000e+000
 0.0000000e+000
 0.0000000e+000
 0.0000000e+000
 0.0000000e+000
 0.0000000e+000
 0.0000000e+000
 0.0000000e+000
 0.0000000e+000
 0.0000000e+000
 0.0000000e+000
 0.0000000e+000
 0.0000000e+000
 0.0000000e+000
 0.0000000e+000
 0.0000000e+000
 0.0000000e+000
 0.0000000e+000
 0.0000000e+000
 0.0000000e+000
 0.0000000e+000
 0.0000000e+000
 0.0000000e+000
 0.0000000e+000
 0.0000000e+000
 0.0000000e+000
 0.0000000e+000
 0.0000000e+000
 0.0000000e+000
 0.0000000e+000
 0.0000000e+000
 0.0000000e+000
 0.0000000e+000
 0.0000000e+000
 0.0000000e+000
 0.0000000e+000
 0.0000000e+000
 0.0000000e+000
 0.0000000e+000
 0.0000000e+000
 0.0000000e+000
 0.0000000e+000
 0.0000000e+000
 0.0000000e+000
 0.0000000e+000
 0.0000000e+000
 0.0000000e+000
 0.0000000e+000
 0.0000000e+000
 0.0000000e+000
 0.0000000e+000
 0.0000000e+000
 0.0000000e+000
 0.0000000e+000
 0.0000000e+000
 0.0000000e+000
 0.0000000e+000
 0.0000000e+000
 0.0000000e+000
 0.0000000e+000
 0.0000000e+000
 0.0000000e+000
 0.0000000e+000
 0.0000000e+000
 0.0000000e+000
 0.0000000e+000
 0.0000000e+000
 0.0000000e+000
 0.0000000e+000
 0.0000000e+000
 0.0000000e+000
 0.0000000e+000
 0.0000000e+000
 0.0000000e+000
 0.0000000e+000
 0.0000000e+000
 0.0000000e+000
 0.0000000e+000
 0.0000000e+000
 0.0000000e+000
 0.0000000e+000
 0.0000000e+000
 0.0000000e+000
 0.0000000e+000
 0.0000000e+000
 0.0000000e+000
 0.0000000e+000
 0.0000000e+000
 0.0000000e+000
 0.0000000e+000
 0.0000000e+000
 0.0000000e+000
 0.0000000e+000
 0.0000000e+000
 0.0000000e+000
 0.0000000e+000
 0.0000000e+000
 0.0000000e+000
 0.0000000e+000
 0.0000000e+000
 0.0000000e+000
 0.0000000e+000
 0.0000000e+000
 0.0000000e+000
 0.0000000e+000
 0.0000000e+000
 0.0000000e+000
 0.0000000e+000
 0.0000000e+000
 0.0000000e+000
 0.0000000e+000
 0.0000000e+000
 0.0000000e+000
 0.0000000e+000
 0.0000000e+000
 0.0000000e+000
 0.0000000e+000
 0.0000000e+000
 0.0000000e+000
 0.0000000e+000
 0.0000000e+000
 0.0000000e+000
 0.0000000e+000
 0.0000000e+000
 0.0000000e+000
 0.0000000e+000
 0.0000000e+000
 0.0000000e+000
 0.0000000e+000
 0.0000000e+000
 0.0000000e+000
 0.0000000e+000
 0.0000000e+000
 0.0000000e+000
 0.0000000e+000
 0.0000000e+000
 0.0000000e+000
 0.0000000e+000
 0.0000000e+000
 0.0000000e+000
 0.0000000e+000
 0.0000000e+000
 0.0000000e+000
 0.0000000e+000
 0.0000000e+000
 0.0000000e+000
 0.0000000e+000
 0.0000000e+000
 0.0000000e+000
 0.0000000e+000
 0.0000000e+000
 0.0000000e+000
 0.0000000e+000
 0.0000000e+000
 0.0000000e+000
 0.0000000e+000
 0.0000000e+000
 0.0000000e+000
 0.0000000e+000
 0.0000000e+000
 0.0000000e+000
 0.0000000e+000
 0.0000000e+000
 0.0000000e+000
 0.0000000e+000
 0.0000000e+000
 0.0000000e+000
 0.0000000e+000
 0.0000000e+000
 0.0000000e+000
 0.0000000e+000
 0.0000000e+000
 0.0000000e+000
 0.0000000e+000
 0.0000000e+000
 0.0000000e+000
 0.0000000e+000
 0.0000000e+000
 0.0000000e+000
 0.0000000e+000
 0.0000000e+000
 0.0000000e+000
 0.0000000e+000
 0.0000000e+000
 0.0000000e+000
 0.0000000e+000
 0.0000000e+000
 0.0000000e+000
 0.0000000e+000
 0.0000000e+000
 0.0000000e+000
 0.0000000e+000
 0.0000000e+000
 0.0000000e+000
 0.0000000e+000
 0.0000000e+000
 0.0000000e+000
 0.0000000e+000
 0.0000000e+000
 0.0000000e+000
 0.0000000e+000
 0.0000000e+000
 0.0000000e+000
 0.0000000e+000
 0.0000000e+000
 0.0000000e+000
 0.0000000e+000
 0.0000000e+000
 0.0000000e+000
 0.0000000e+000
 0.0000000e+000
 0.0000000e+000
 0.0000000e+000
 0.0000000e+000
 0.0000000e+000
 0.0000000e+000
 0.0000000e+000
 0.0000000e+000
 0.0000000e+000
 0.0000000e+000
 0.0000000e+000
 0.0000000e+000
 0.0000000e+000
 0.0000000e+000
 0.0000000e+000
 0.0000000e+000
 0.0000000e+000
 0.0000000e+000
 0.0000000e+000
 0.0000000e+000
 0.0000000e+000
 0.0000000e+000
 0.0000000e+000
 0.0000000e+000
 0.0000000e+000
 0.0000000e+000
 0.0000000e+000
 0.0000000e+000
 0.0000000e+000
 0.0000000e+000
 0.0000000e+000
 0.0000000e+000
 0.0000000e+000
 0.0000000e+000
 0.0000000e+000
 0.0000000e+000
 0.0000000e+000
 0.0000000e+000
 0.0000000e+000
 0.0000000e+000
 0.0000000e+000
 0.0000000e+000
 0.0000000e+000
 0.0000000e+000
 0.0000000e+000
 0.0000000e+000
 0.0000000e+000
 0.0000000e+000
 0.0000000e+000
 0.0000000e+000
 0.0000000e+000
 0.0000000e+000
 0.0000000e+000
 0.0000000e+000
 0.0000000e+000
 0.0000000e+000
 0.0000000e+000
 0.0000000e+000
 0.0000000e+000
 0.0000000e+000
 0.0000000e+000
 0.0000000e+000
 0.0000000e+000
 0.0000000e+000
 0.0000000e+000
 0.0000000e+000
 0.0000000e+000
 0.0000000e+000
 0.0000000e+000
 0.0000000e+000
 0.0000000e+000
 0.0000000e+000
 0.0000000e+000
 0.0000000e+000
 0.0000000e+000
 0.0000000e+000
 0.0000000e+000
 0.0000000e+000
 0.0000000e+000
 0.0000000e+000
 0.0000000e+000
 0.0000000e+000
 0.0000000e+000
 0.0000000e+000
 0.0000000e+000
 0.0000000e+000
 0.0000000e+000
 0.0000000e+000
 0.0000000e+000
 0.0000000e+000
 0.0000000e+000
 0.0000000e+000
 0.0000000e+000
 0.0000000e+000
 0.0000000e+000
 0.0000000e+000
 0.0000000e+000
 0.0000000e+000
 0.0000000e+000
 0.0000000e+000
 0.0000000e+000
 0.0000000e+000
 0.0000000e+000
 0.0000000e+000
 0.0000000e+000
 0.0000000e+000
 0.0000000e+000
 0.0000000e+000
 0.0000000e+000
 0.0000000e+000
 0.0000000e+000
 0.0000000e+000
 0.0000000e+000
 0.0000000e+000
 0.0000000e+000
 0.0000000e+000
 0.0000000e+000
 0.0000000e+000
 0.0000000e+000
 0.0000000e+000
 0.0000000e+000
 0.0000000e+000
 0.0000000e+000
 0.0000000e+000
 0.0000000e+000
 0.0000000e+000
 0.0000000e+000
 0.0000000e+000
 0.0000000e+000
 0.0000000e+000
 0.0000000e+000
 0.0000000e+000
 0.0000000e+000
 0.0000000e+000
 0.0000000e+000
 0.0000000e+000
 0.0000000e+000
 0.0000000e+000
 0.0000000e+000
 0.0000000e+000
 0.0000000e+000
 0.0000000e+000
 0.0000000e+000
 0.0000000e+000
 0.0000000e+000
 0.0000000e+000
 0.0000000e+000
 0.0000000e+000
 0.0000000e+000
 0.0000000e+000
 0.0000000e+000
 0.0000000e+000
 0.0000000e+000
 0.0000000e+000
 0.0000000e+000
 0.0000000e+000
 0.0000000e+000
 0.0000000e+000
 0.0000000e+000
 0.0000000e+000
 0.0000000e+000
 0.0000000e+000
 0.0000000e+000
 0.0000000e+000
 0.0000000e+000
 0.0000000e+000
 0.0000000e+000
 0.0000000e+000
 0.0000000e+000
 0.0000000e+000
 0.0000000e+000
 0.0000000e+000
 0.0000000e+000
 0.0000000e+000
 0.0000000e+000
 0.0000000e+000
 0.0000000e+000
 0.0000000e+000
 0.0000000e+000
 0.0000000e+000
 0.0000000e+000
 0.0000000e+000
 0.0000000e+000
 0.0000000e+000
 0.0000000e+000
 0.0000000e+000
 0.0000000e+000
 0.0000000e+000
 0.0000000e+000
 0.0000000e+000
 0.0000000e+000
 0.0000000e+000
 0.0000000e+000
 0.0000000e+000
 0.0000000e+000
 0.0000000e+000
 0.0000000e+000
 0.0000000e+000
 0.0000000e+000
 0.0000000e+000
 0.0000000e+000
 0.0000000e+000
 0.0000000e+000
 0.0000000e+000
 0.0000000e+000
 0.0000000e+000
 0.0000000e+000
 0.0000000e+000
 0.0000000e+000
 0.0000000e+000
 0.0000000e+000
 0.0000000e+000
 0.0000000e+000
 0.0000000e+000
 0.0000000e+000
 0.0000000e+000
 0.0000000e+000
 0.0000000e+000
 0.0000000e+000
 0.0000000e+000
 0.0000000e+000
 0.0000000e+000
 0.0000000e+000
 0.0000000e+000
 0.0000000e+000
 0.0000000e+000
 0.0000000e+000
 0.0000000e+000
 0.0000000e+000
 0.0000000e+000
 0.0000000e+000
 0.0000000e+000
 0.0000000e+000
 0.0000000e+000
 0.0000000e+000
 0.0000000e+000
 0.0000000e+000
 0.0000000e+000
 0.0000000e+000
 0.0000000e+000
 0.0000000e+000
 0.0000000e+000
 0.0000000e+000
 0.0000000e+000
 0.0000000e+000
 0.0000000e+000
 0.0000000e+000
 0.0000000e+000
 0.0000000e+000
 0.0000000e+000
 0.0000000e+000
 0.0000000e+000
 0.0000000e+000
 0.0000000e+000
 0.0000000e+000
 0.0000000e+000
 0.0000000e+000
 0.0000000e+000
 0.0000000e+000
 0.0000000e+000
 0.0000000e+000
 0.0000000e+000
 0.0000000e+000
 0.0000000e+000
 0.0000000e+000
 0.0000000e+000
 0.0000000e+000
 0.0000000e+000
 0.0000000e+000
 0.0000000e+000
 0.0000000e+000
 0.0000000e+000
 0.0000000e+000
 0.0000000e+000
 0.0000000e+000
 0.0000000e+000
 0.0000000e+000
 0.0000000e+000
 0.0000000e+000
 0.0000000e+000
 0.0000000e+000
 0.0000000e+000
 0.0000000e+000
 0.0000000e+000
 0.0000000e+000
 0.0000000e+000
 0.0000000e+000
 0.0000000e+000
 0.0000000e+000
 0.0000000e+000
 0.0000000e+000
 0.0000000e+000
 0.0000000e+000
 0.0000000e+000
 0.0000000e+000
 0.0000000e+000
 0.0000000e+000
 0.0000000e+000
 0.0000000e+000
 0.0000000e+000
 0.0000000e+000
 0.0000000e+000
 0.0000000e+000
 0.0000000e+000
 0.0000000e+000
 0.0000000e+000
 0.0000000e+000
 0.0000000e+000
 0.0000000e+000
 0.0000000e+000
 0.0000000e+000
 0.0000000e+000
 0.0000000e+000
 0.0000000e+000
 0.0000000e+000
 0.0000000e+000
 0.0000000e+000
 0.0000000e+000
 0.0000000e+000
 0.0000000e+000
 0.0000000e+000
 0.0000000e+000
 0.0000000e+000
 0.0000000e+000
 0.0000000e+000
 0.0000000e+000
 0.0000000e+000
 0.0000000e+000
 0.0000000e+000
 0.0000000e+000
 0.0000000e+000
 0.0000000e+000
 0.0000000e+000
 0.0000000e+000
 0.0000000e+000
 0.0000000e+000
 0.0000000e+000
 0.0000000e+000
 0.0000000e+000
 0.0000000e+000
 0.0000000e+000
 0.0000000e+000
 0.0000000e+000
 0.0000000e+000
 0.0000000e+000
 0.0000000e+000
 0.0000000e+000
 0.0000000e+000
 0.0000000e+000
 0.0000000e+000
 0.0000000e+000
 0.0000000e+000
 0.0000000e+000
 0.0000000e+000
 0.0000000e+000
 0.0000000e+000
 0.0000000e+000
 0.0000000e+000
 0.0000000e+000
 0.0000000e+000
 0.0000000e+000
 0.0000000e+000
 0.0000000e+000
 0.0000000e+000
 0.0000000e+000
 0.0000000e+000
 0.0000000e+000
 0.0000000e+000
 0.0000000e+000
 0.0000000e+000
 0.0000000e+000
 0.0000000e+000
 0.0000000e+000
 0.0000000e+000
 0.0000000e+000
 0.0000000e+000
 0.0000000e+000
 0.0000000e+000
 0.0000000e+000
 0.0000000e+000
 0.0000000e+000
 0.0000000e+000
 0.0000000e+000
 0.0000000e+000
 0.0000000e+000
 0.0000000e+000
 0.0000000e+000
 0.0000000e+000
 0.0000000e+000
 0.0000000e+000
 0.0000000e+000
 0.0000000e+000
 0.0000000e+000
 0.0000000e+000
 0.0000000e+000
 0.0000000e+000
 0.0000000e+000
 0.0000000e+000
 0.0000000e+000
 0.0000000e+000
 0.0000000e+000
 0.0000000e+000
 0.0000000e+000
 0.0000000e+000
 0.0000000e+000
 0.0000000e+000
 0.0000000e+000
 0.0000000e+000
 0.0000000e+000
 0.0000000e+000
 0.0000000e+000
 0.0000000e+000
 0.0000000e+000
 0.0000000e+000
 0.0000000e+000
 0.0000000e+000
 0.0000000e+000
 0.0000000e+000
 0.0000000e+000
 0.0000000e+000
 0.0000000e+000
 0.0000000e+000
 0.0000000e+000
 0.0000000e+000
 0.0000000e+000
 0.0000000e+000
 0.0000000e+000
 0.0000000e+000
 0.0000000e+000
 0.0000000e+000
 0.0000000e+000
 0.0000000e+000
 0.0000000e+000
 0.0000000e+000
 0.0000000e+000
 0.0000000e+000
 0.0000000e+000
 0.0000000e+000
 0.0000000e+000
 0.0000000e+000
 0.0000000e+000
 0.0000000e+000
 0.0000000e+000
 0.0000000e+000
 0.0000000e+000
 0.0000000e+000
 0.0000000e+000
 0.0000000e+000
 0.0000000e+000
 0.0000000e+000
 0.0000000e+000
 0.0000000e+000
 0.0000000e+000
 0.0000000e+000
 0.0000000e+000
 0.0000000e+000
 0.0000000e+000
 0.0000000e+000
 0.0000000e+000
 0.0000000e+000
 0.0000000e+000
 0.0000000e+000
 0.0000000e+000
 0.0000000e+000
 0.0000000e+000
 0.0000000e+000
 0.0000000e+000
 0.0000000e+000
 0.0000000e+000
 0.0000000e+000
 0.0000000e+000
 0.0000000e+000
 0.0000000e+000
 0.0000000e+000
 0.0000000e+000
 0.0000000e+000
 0.0000000e+000
 0.0000000e+000
 0.0000000e+000
 0.0000000e+000
 0.0000000e+000
 0.0000000e+000
 0.0000000e+000
 0.0000000e+000
 0.0000000e+000
 0.0000000e+000
 0.0000000e+000
 0.0000000e+000
 0.0000000e+000
 0.0000000e+000
 0.0000000e+000
 0.0000000e+000
 0.0000000e+000
 0.0000000e+000
 0.0000000e+000
 0.0000000e+000
 0.0000000e+000
 0.0000000e+000
 0.0000000e+000
 0.0000000e+000
 0.0000000e+000
 0.0000000e+000
 0.0000000e+000
 0.0000000e+000
 0.0000000e+000
 0.0000000e+000
 0.0000000e+000
 0.0000000e+000
 0.0000000e+000
 0.0000000e+000
 0.0000000e+000
 0.0000000e+000
 0.0000000e+000
 0.0000000e+000
 0.0000000e+000
 0.0000000e+000
 0.0000000e+000
 0.0000000e+000
 0.0000000e+000
 0.0000000e+000
 0.0000000e+000
 0.0000000e+000
 0.0000000e+000
 0.0000000e+000
 0.0000000e+000
 0.0000000e+000
 0.0000000e+000
 0.0000000e+000
 0.0000000e+000
 0.0000000e+000
 0.0000000e+000
 0.0000000e+000
 0.0000000e+000
 0.0000000e+000
 0.0000000e+000
 0.0000000e+000
 0.0000000e+000
 0.0000000e+000
 0.0000000e+000
 0.0000000e+000
 0.0000000e+000
 0.0000000e+000
 0.0000000e+000
 0.0000000e+000
 0.0000000e+000
 0.0000000e+000
 0.0000000e+000
 0.0000000e+000
 0.0000000e+000
 0.0000000e+000
 0.0000000e+000
 0.0000000e+000
 0.0000000e+000
 0.0000000e+000
 0.0000000e+000
 0.0000000e+000
 0.0000000e+000
 0.0000000e+000
 0.0000000e+000
 0.0000000e+000
 0.0000000e+000
 0.0000000e+000
 0.0000000e+000
 0.0000000e+000
 0.0000000e+000
 0.0000000e+000
 0.0000000e+000
 0.0000000e+000
 0.0000000e+000
 0.0000000e+000
 0.0000000e+000
 0.0000000e+000
 0.0000000e+000
 0.0000000e+000
 0.0000000e+000
 0.0000000e+000
 0.0000000e+000
 0.0000000e+000
 0.0000000e+000
 0.0000000e+000
 0.0000000e+000
 0.0000000e+000
 0.0000000e+000
 0.0000000e+000
 0.0000000e+000
 0.0000000e+000
 0.0000000e+000
 0.0000000e+000
 0.0000000e+000
 0.0000000e+000
 0.0000000e+000
 0.0000000e+000
 0.0000000e+000
 0.0000000e+000
 0.0000000e+000
 0.0000000e+000
 0.0000000e+000
 0.0000000e+000
 0.0000000e+000
 0.0000000e+000
 0.0000000e+000
 0.0000000e+000
 0.0000000e+000
 0.0000000e+000
 0.0000000e+000
 0.0000000e+000
 0.0000000e+000
 0.0000000e+000
 0.0000000e+000
 0.0000000e+000
 0.0000000e+000
 0.0000000e+000
 0.0000000e+000
 0.0000000e+000
 0.0000000e+000
 0.0000000e+000
 0.0000000e+000
 0.0000000e+000
 0.0000000e+000
 0.0000000e+000
 0.0000000e+000
 0.0000000e+000
 0.0000000e+000
 0.0000000e+000
 0.0000000e+000
 0.0000000e+000
 0.0000000e+000
 0.0000000e+000
 0.0000000e+000
 0.0000000e+000
 0.0000000e+000
 0.0000000e+000
 0.0000000e+000
 0.0000000e+000
 0.0000000e+000
 0.0000000e+000
 0.0000000e+000
 0.0000000e+000
 0.0000000e+000
 0.0000000e+000
 0.0000000e+000
 0.0000000e+000
 0.0000000e+000
 0.0000000e+000
 0.0000000e+000
 0.0000000e+000
 0.0000000e+000
 0.0000000e+000
 0.0000000e+000
 0.0000000e+000
 0.0000000e+000
 0.0000000e+000
 0.0000000e+000
 0.0000000e+000
 0.0000000e+000
 0.0000000e+000
 0.0000000e+000
 0.0000000e+000
 0.0000000e+000
 0.0000000e+000
 0.0000000e+000
 0.0000000e+000
 0.0000000e+000
 0.0000000e+000
 0.0000000e+000
 0.0000000e+000
 0.0000000e+000
 0.0000000e+000
 0.0000000e+000
 0.0000000e+000
 0.0000000e+000
 0.0000000e+000
 0.0000000e+000
 0.0000000e+000
 0.0000000e+000
 0.0000000e+000
 0.0000000e+000
 0.0000000e+000
 0.0000000e+000
 0.0000000e+000
 0.0000000e+000
 0.0000000e+000
 0.0000000e+000
 0.0000000e+000
 0.0000000e+000
 0.0000000e+000
 0.0000000e+000
 0.0000000e+000
 0.0000000e+000
 0.0000000e+000
 0.0000000e+000
 0.0000000e+000
 0.0000000e+000
 0.0000000e+000
 0.0000000e+000
 0.0000000e+000
 0.0000000e+000
 0.0000000e+000
 0.0000000e+000
 0.0000000e+000
 0.0000000e+000
 0.0000000e+000
 0.0000000e+000
 0.0000000e+000
 0.0000000e+000
 0.0000000e+000
 0.0000000e+000
 0.0000000e+000
 0.0000000e+000
 0.0000000e+000
 0.0000000e+000
 0.0000000e+000
 0.0000000e+000
 0.0000000e+000
 0.0000000e+000
 0.0000000e+000
 0.0000000e+000
 0.0000000e+000
 0.0000000e+000
 0.0000000e+000
 0.0000000e+000
 0.0000000e+000
 0.0000000e+000
 0.0000000e+000
 0.0000000e+000
 0.0000000e+000
 0.0000000e+000
 0.0000000e+000
 0.0000000e+000
 0.0000000e+000
 0.0000000e+000
 0.0000000e+000
 0.0000000e+000
 0.0000000e+000
 0.0000000e+000
 0.0000000e+000
 0.0000000e+000
 0.0000000e+000
 0.0000000e+000
 0.0000000e+000
 0.0000000e+000
 0.0000000e+000
 0.0000000e+000
 0.0000000e+000
 0.0000000e+000
 0.0000000e+000
 0.0000000e+000
 0.0000000e+000
 0.0000000e+000
 0.0000000e+000
 0.0000000e+000
 0.0000000e+000
 0.0000000e+000
 0.0000000e+000
 0.0000000e+000
 0.0000000e+000
 0.0000000e+000
 0.0000000e+000
 0.0000000e+000
 0.0000000e+000
 0.0000000e+000
 0.0000000e+000
 0.0000000e+000
 0.0000000e+000
 0.0000000e+000
 0.0000000e+000
 0.0000000e+000
 0.0000000e+000
 0.0000000e+000
 0.0000000e+000
 0.0000000e+000
 0.0000000e+000
 0.0000000e+000
 0.0000000e+000
 0.0000000e+000
 0.0000000e+000
 0.0000000e+000
 0.0000000e+000
 0.0000000e+000
 0.0000000e+000
 0.0000000e+000
 0.0000000e+000
 0.0000000e+000
 0.0000000e+000
 0.0000000e+000
 0.0000000e+000
 0.0000000e+000
 0.0000000e+000
 0.0000000e+000
 0.0000000e+000
 0.0000000e+000
 0.0000000e+000
 0.0000000e+000
 0.0000000e+000
 0.0000000e+000
 0.0000000e+000
 0.0000000e+000
 0.0000000e+000
 0.0000000e+000
 0.0000000e+000
 0.0000000e+000
 0.0000000e+000
 0.0000000e+000
 0.0000000e+000
 0.0000000e+000
 0.0000000e+000
 0.0000000e+000
 0.0000000e+000
 0.0000000e+000
 0.0000000e+000
 0.0000000e+000
 0.0000000e+000
 0.0000000e+000
 0.0000000e+000
 0.0000000e+000
 0.0000000e+000
 0.0000000e+000
 0.0000000e+000
 0.0000000e+000
 0.0000000e+000
 0.0000000e+000
 0.0000000e+000
 0.0000000e+000
 0.0000000e+000
 0.0000000e+000
 0.0000000e+000
 0.0000000e+000
 0.0000000e+000
 0.0000000e+000
 0.0000000e+000
 0.0000000e+000
 0.0000000e+000
 0.0000000e+000
 0.0000000e+000
 0.0000000e+000
 0.0000000e+000
 0.0000000e+000
 0.0000000e+000
 0.0000000e+000
 0.0000000e+000
 0.0000000e+000
 0.0000000e+000
 0.0000000e+000
 0.0000000e+000
 0.0000000e+000
 0.0000000e+000
 0.0000000e+000
 0.0000000e+000
 0.0000000e+000
 0.0000000e+000
 0.0000000e+000
 0.0000000e+000
 0.0000000e+000
 0.0000000e+000
 0.0000000e+000
 0.0000000e+000
 0.0000000e+000
 0.0000000e+000
 0.0000000e+000
 0.0000000e+000
 0.0000000e+000
 0.0000000e+000
 0.0000000e+000
 0.0000000e+000
 0.0000000e+000
 0.0000000e+000
 0.0000000e+000
 0.0000000e+000
 0.0000000e+000
 0.0000000e+000
 0.0000000e+000
 0.0000000e+000
 0.0000000e+000
 0.0000000e+000
 0.0000000e+000
 0.0000000e+000
 0.0000000e+000
 0.0000000e+000
 0.0000000e+000
 0.0000000e+000
 0.0000000e+000
 0.0000000e+000
 0.0000000e+000
 0.0000000e+000
 0.0000000e+000
 0.0000000e+000
 0.0000000e+000
 0.0000000e+000
 0.0000000e+000
 0.0000000e+000
 0.0000000e+000
 0.0000000e+000
 0.0000000e+000
 0.0000000e+000
 0.0000000e+000
 0.0000000e+000
 0.0000000e+000
 0.0000000e+000
 0.0000000e+000
 0.0000000e+000
 0.0000000e+000
 0.0000000e+000
 0.0000000e+000
 0.0000000e+000
 0.0000000e+000
 0.0000000e+000
 0.0000000e+000
 0.0000000e+000
 0.0000000e+000
 0.0000000e+000
 0.0000000e+000
 0.0000000e+000
 0.0000000e+000
 0.0000000e+000
 0.0000000e+000
 0.0000000e+000
 0.0000000e+000
 0.0000000e+000
 0.0000000e+000
 0.0000000e+000
 0.0000000e+000
 0.0000000e+000
 0.0000000e+000
 0.0000000e+000
 0.0000000e+000
 0.0000000e+000
 0.0000000e+000
 0.0000000e+000
 0.0000000e+000
 0.0000000e+000
 0.0000000e+000
 0.0000000e+000
 0.0000000e+000
 0.0000000e+000
 0.0000000e+000
 0.0000000e+000
 0.0000000e+000
 0.0000000e+000
 0.0000000e+000
 0.0000000e+000
 0.0000000e+000
 0.0000000e+000
 0.0000000e+000
 0.0000000e+000
 0.0000000e+000
 0.0000000e+000
 0.0000000e+000
 0.0000000e+000
 0.0000000e+000
 0.0000000e+000
 0.0000000e+000
 0.0000000e+000
 0.0000000e+000
 0.0000000e+000
 0.0000000e+000
 0.0000000e+000
 0.0000000e+000
 0.0000000e+000
 0.0000000e+000
 0.0000000e+000
 0.0000000e+000
 0.0000000e+000
 0.0000000e+000
 0.0000000e+000
 0.0000000e+000
 0.0000000e+000
 0.0000000e+000
 0.0000000e+000
 0.0000000e+000
 0.0000000e+000
 0.0000000e+000
 0.0000000e+000
 0.0000000e+000
 0.0000000e+000
 0.0000000e+000
 0.0000000e+000
 0.0000000e+000
 0.0000000e+000
 0.0000000e+000
 0.0000000e+000
 0.0000000e+000
 0.0000000e+000
 0.0000000e+000
 0.0000000e+000
 0.0000000e+000
 0.0000000e+000
 0.0000000e+000
 0.0000000e+000
 0.0000000e+000
 0.0000000e+000
 0.0000000e+000
 0.0000000e+000
 0.0000000e+000
 0.0000000e+000
 0.0000000e+000
 0.0000000e+000
 0.0000000e+000
 0.0000000e+000
 0.0000000e+000
 0.0000000e+000
 0.0000000e+000
 0.0000000e+000
 0.0000000e+000
 0.0000000e+000
 0.0000000e+000
 0.0000000e+000
 0.0000000e+000
 0.0000000e+000
 0.0000000e+000
 0.0000000e+000
 0.0000000e+000
 0.0000000e+000
 0.0000000e+000
 0.0000000e+000
 0.0000000e+000
 0.0000000e+000
 0.0000000e+000
 0.0000000e+000
 0.0000000e+000
 0.0000000e+000
 0.0000000e+000
 0.0000000e+000
 0.0000000e+000
 0.0000000e+000
 0.0000000e+000
 0.0000000e+000
 0.0000000e+000
 0.0000000e+000
 0.0000000e+000
 0.0000000e+000
 0.0000000e+000
 0.0000000e+000
 0.0000000e+000
 0.0000000e+000
 0.0000000e+000
 0.0000000e+000
 0.0000000e+000
 0.0000000e+000
 0.0000000e+000
 0.0000000e+000
 0.0000000e+000
 0.0000000e+000
 0.0000000e+000
 0.0000000e+000
 0.0000000e+000
 0.0000000e+000
 0.0000000e+000
 0.0000000e+000
 0.0000000e+000
 0.0000000e+000
 0.0000000e+000
 0.0000000e+000
 0.0000000e+000
 0.0000000e+000
 0.0000000e+000
 0.0000000e+000
 0.0000000e+000
 0.0000000e+000
 0.0000000e+000
 0.0000000e+000
 0.0000000e+000
 0.0000000e+000
 0.0000000e+000
 0.0000000e+000
 0.0000000e+000
 0.0000000e+000
 0.0000000e+000
 0.0000000e+000
 0.0000000e+000
 0.0000000e+000
 0.0000000e+000
 0.0000000e+000
 0.0000000e+000
 0.0000000e+000
 0.0000000e+000
 0.0000000e+000
 0.0000000e+000
 0.0000000e+000
 0.0000000e+000
 0.0000000e+000
 0.0000000e+000
 0.0000000e+000
 0.0000000e+000
 0.0000000e+000
 0.0000000e+000
 0.0000000e+000
 0.0000000e+000
 0.0000000e+000
 0.0000000e+000
 0.0000000e+000
 0.0000000e+000
 0.0000000e+000
 0.0000000e+000
 0.0000000e+000
 0.0000000e+000
 0.0000000e+000
 0.0000000e+000
 0.0000000e+000
 0.0000000e+000
