 S07LSAT8 Record=37: SRF Band 3 Landsat8 Green               
 0.0000000e+000
 0.0000000e+000
 0.0000000e+000
 0.0000000e+000
 0.0000000e+000
 0.0000000e+000
 0.0000000e+000
 0.0000000e+000
 0.0000000e+000
 0.0000000e+000
 0.0000000e+000
 0.0000000e+000
 0.0000000e+000
 0.0000000e+000
 0.0000000e+000
 0.0000000e+000
 0.0000000e+000
 0.0000000e+000
 0.0000000e+000
 0.0000000e+000
 0.0000000e+000
 0.0000000e+000
 0.0000000e+000
 0.0000000e+000
 0.0000000e+000
 0.0000000e+000
 0.0000000e+000
 0.0000000e+000
 0.0000000e+000
 0.0000000e+000
 0.0000000e+000
 0.0000000e+000
 0.0000000e+000
 0.0000000e+000
 0.0000000e+000
 0.0000000e+000
 0.0000000e+000
 0.0000000e+000
 0.0000000e+000
 0.0000000e+000
 0.0000000e+000
 0.0000000e+000
 0.0000000e+000
 0.0000000e+000
 0.0000000e+000
 0.0000000e+000
 0.0000000e+000
 0.0000000e+000
 0.0000000e+000
 0.0000000e+000
 0.0000000e+000
 0.0000000e+000
 0.0000000e+000
 0.0000000e+000
 0.0000000e+000
 0.0000000e+000
 0.0000000e+000
 0.0000000e+000
 0.0000000e+000
 0.0000000e+000
 0.0000000e+000
 0.0000000e+000
 0.0000000e+000
 0.0000000e+000
 0.0000000e+000
 0.0000000e+000
 0.0000000e+000
 0.0000000e+000
 0.0000000e+000
 0.0000000e+000
 0.0000000e+000
 0.0000000e+000
 0.0000000e+000
 0.0000000e+000
 0.0000000e+000
 0.0000000e+000
 0.0000000e+000
 0.0000000e+000
 0.0000000e+000
 0.0000000e+000
 0.0000000e+000
 0.0000000e+000
 0.0000000e+000
 0.0000000e+000
 0.0000000e+000
 0.0000000e+000
 0.0000000e+000
 0.0000000e+000
 0.0000000e+000
 0.0000000e+000
 0.0000000e+000
 0.0000000e+000
-4.6000001e-005
 1.6000000e-005
 1.1000000e-004
 2.4699999e-004
 3.6199999e-004
 6.4799999e-004
 9.3500002e-004
 1.3320000e-003
 1.8160000e-003
 2.5150001e-003
 3.4459999e-003
 4.8799999e-003
 7.0239999e-003
 1.0441000e-002
 1.6247001e-002
 2.5513001e-002
 4.1451000e-002
 7.0551001e-002
 1.2344400e-001
 2.1168000e-001
 3.5388499e-001
 5.4585600e-001
 7.4120498e-001
 8.6522502e-001
 9.2739600e-001
 9.5462698e-001
 9.5416301e-001
 9.5921499e-001
 9.6132803e-001
 9.6490198e-001
 9.6987301e-001
 9.5248902e-001
 9.6139699e-001
 9.7826999e-001
 9.7753298e-001
 9.7700101e-001
 9.8088402e-001
 9.9078399e-001
 1.0000000e+000
 9.9226397e-001
 9.8264199e-001
 9.8383200e-001
 9.7776502e-001
 9.6508098e-001
 9.5731401e-001
 9.4624501e-001
 9.4787103e-001
 9.5903802e-001
 9.6653402e-001
 9.7765601e-001
 9.6644700e-001
 9.5339900e-001
 9.5831400e-001
 9.7003901e-001
 9.7860700e-001
 9.8339701e-001
 9.8096001e-001
 9.7452199e-001
 9.6722901e-001
 9.7940600e-001
 9.7820801e-001
 9.7581798e-001
 9.7439200e-001
 9.7997302e-001
 9.6882701e-001
 9.6918100e-001
 9.6783799e-001
 9.8295599e-001
 9.7959799e-001
 9.6381098e-001
 9.6888602e-001
 9.8365498e-001
 9.8665702e-001
 9.7420698e-001
 9.4640702e-001
 9.0447801e-001
 8.0927497e-001
 6.8497401e-001
 5.2530402e-001
 3.4536400e-001
 1.9046700e-001
 8.7833002e-002
 3.5393000e-002
 1.4077000e-002
 5.9440001e-003
 2.5740000e-003
 1.0460000e-003
 3.9400000e-004
 8.5000000e-005
-8.3999999e-005
-1.9399999e-004
-2.3400001e-004
-2.9200001e-004
-3.0700001e-004
-3.4299999e-004
-3.4800000e-004
-3.2900000e-004
-3.5100000e-004
-3.1700000e-004
 0.0000000e+000
 0.0000000e+000
 0.0000000e+000
 0.0000000e+000
 0.0000000e+000
 0.0000000e+000
 0.0000000e+000
 0.0000000e+000
 0.0000000e+000
 0.0000000e+000
 0.0000000e+000
 0.0000000e+000
 0.0000000e+000
 0.0000000e+000
 0.0000000e+000
 0.0000000e+000
 0.0000000e+000
 0.0000000e+000
 0.0000000e+000
 0.0000000e+000
 0.0000000e+000
 0.0000000e+000
 0.0000000e+000
 0.0000000e+000
 0.0000000e+000
 0.0000000e+000
 0.0000000e+000
 0.0000000e+000
 0.0000000e+000
 0.0000000e+000
 0.0000000e+000
 0.0000000e+000
 0.0000000e+000
 0.0000000e+000
 0.0000000e+000
 0.0000000e+000
 0.0000000e+000
 0.0000000e+000
 0.0000000e+000
 0.0000000e+000
 0.0000000e+000
 0.0000000e+000
 0.0000000e+000
 0.0000000e+000
 0.0000000e+000
 0.0000000e+000
 0.0000000e+000
 0.0000000e+000
 0.0000000e+000
 0.0000000e+000
 0.0000000e+000
 0.0000000e+000
 0.0000000e+000
 0.0000000e+000
 0.0000000e+000
 0.0000000e+000
 0.0000000e+000
 0.0000000e+000
 0.0000000e+000
 0.0000000e+000
 0.0000000e+000
 0.0000000e+000
 0.0000000e+000
 0.0000000e+000
 0.0000000e+000
 0.0000000e+000
 0.0000000e+000
 0.0000000e+000
 0.0000000e+000
 0.0000000e+000
 0.0000000e+000
 0.0000000e+000
 0.0000000e+000
 0.0000000e+000
 0.0000000e+000
 0.0000000e+000
 0.0000000e+000
 0.0000000e+000
 0.0000000e+000
 0.0000000e+000
 0.0000000e+000
 0.0000000e+000
 0.0000000e+000
 0.0000000e+000
 0.0000000e+000
 0.0000000e+000
 0.0000000e+000
 0.0000000e+000
 0.0000000e+000
 0.0000000e+000
 0.0000000e+000
 0.0000000e+000
 0.0000000e+000
 0.0000000e+000
 0.0000000e+000
 0.0000000e+000
 0.0000000e+000
 0.0000000e+000
 0.0000000e+000
 0.0000000e+000
 0.0000000e+000
 0.0000000e+000
 0.0000000e+000
 0.0000000e+000
 0.0000000e+000
 0.0000000e+000
 0.0000000e+000
 0.0000000e+000
 0.0000000e+000
 0.0000000e+000
 0.0000000e+000
 0.0000000e+000
 0.0000000e+000
 0.0000000e+000
 0.0000000e+000
 0.0000000e+000
 0.0000000e+000
 0.0000000e+000
 0.0000000e+000
 0.0000000e+000
 0.0000000e+000
 0.0000000e+000
 0.0000000e+000
 0.0000000e+000
 0.0000000e+000
 0.0000000e+000
 0.0000000e+000
 0.0000000e+000
 0.0000000e+000
 0.0000000e+000
 0.0000000e+000
 0.0000000e+000
 0.0000000e+000
 0.0000000e+000
 0.0000000e+000
 0.0000000e+000
 0.0000000e+000
 0.0000000e+000
 0.0000000e+000
 0.0000000e+000
 0.0000000e+000
 0.0000000e+000
 0.0000000e+000
 0.0000000e+000
 0.0000000e+000
 0.0000000e+000
 0.0000000e+000
 0.0000000e+000
 0.0000000e+000
 0.0000000e+000
 0.0000000e+000
 0.0000000e+000
 0.0000000e+000
 0.0000000e+000
 0.0000000e+000
 0.0000000e+000
 0.0000000e+000
 0.0000000e+000
 0.0000000e+000
 0.0000000e+000
 0.0000000e+000
 0.0000000e+000
 0.0000000e+000
 0.0000000e+000
 0.0000000e+000
 0.0000000e+000
 0.0000000e+000
 0.0000000e+000
 0.0000000e+000
 0.0000000e+000
 0.0000000e+000
 0.0000000e+000
 0.0000000e+000
 0.0000000e+000
 0.0000000e+000
 0.0000000e+000
 0.0000000e+000
 0.0000000e+000
 0.0000000e+000
 0.0000000e+000
 0.0000000e+000
 0.0000000e+000
 0.0000000e+000
 0.0000000e+000
 0.0000000e+000
 0.0000000e+000
 0.0000000e+000
 0.0000000e+000
 0.0000000e+000
 0.0000000e+000
 0.0000000e+000
 0.0000000e+000
 0.0000000e+000
 0.0000000e+000
 0.0000000e+000
 0.0000000e+000
 0.0000000e+000
 0.0000000e+000
 0.0000000e+000
 0.0000000e+000
 0.0000000e+000
 0.0000000e+000
 0.0000000e+000
 0.0000000e+000
 0.0000000e+000
 0.0000000e+000
 0.0000000e+000
 0.0000000e+000
 0.0000000e+000
 0.0000000e+000
 0.0000000e+000
 0.0000000e+000
 0.0000000e+000
 0.0000000e+000
 0.0000000e+000
 0.0000000e+000
 0.0000000e+000
 0.0000000e+000
 0.0000000e+000
 0.0000000e+000
 0.0000000e+000
 0.0000000e+000
 0.0000000e+000
 0.0000000e+000
 0.0000000e+000
 0.0000000e+000
 0.0000000e+000
 0.0000000e+000
 0.0000000e+000
 0.0000000e+000
 0.0000000e+000
 0.0000000e+000
 0.0000000e+000
 0.0000000e+000
 0.0000000e+000
 0.0000000e+000
 0.0000000e+000
 0.0000000e+000
 0.0000000e+000
 0.0000000e+000
 0.0000000e+000
 0.0000000e+000
 0.0000000e+000
 0.0000000e+000
 0.0000000e+000
 0.0000000e+000
 0.0000000e+000
 0.0000000e+000
 0.0000000e+000
 0.0000000e+000
 0.0000000e+000
 0.0000000e+000
 0.0000000e+000
 0.0000000e+000
 0.0000000e+000
 0.0000000e+000
 0.0000000e+000
 0.0000000e+000
 0.0000000e+000
 0.0000000e+000
 0.0000000e+000
 0.0000000e+000
 0.0000000e+000
 0.0000000e+000
 0.0000000e+000
 0.0000000e+000
 0.0000000e+000
 0.0000000e+000
 0.0000000e+000
 0.0000000e+000
 0.0000000e+000
 0.0000000e+000
 0.0000000e+000
 0.0000000e+000
 0.0000000e+000
 0.0000000e+000
 0.0000000e+000
 0.0000000e+000
 0.0000000e+000
 0.0000000e+000
 0.0000000e+000
 0.0000000e+000
 0.0000000e+000
 0.0000000e+000
 0.0000000e+000
 0.0000000e+000
 0.0000000e+000
 0.0000000e+000
 0.0000000e+000
 0.0000000e+000
 0.0000000e+000
 0.0000000e+000
 0.0000000e+000
 0.0000000e+000
 0.0000000e+000
 0.0000000e+000
 0.0000000e+000
 0.0000000e+000
 0.0000000e+000
 0.0000000e+000
 0.0000000e+000
 0.0000000e+000
 0.0000000e+000
 0.0000000e+000
 0.0000000e+000
 0.0000000e+000
 0.0000000e+000
 0.0000000e+000
 0.0000000e+000
 0.0000000e+000
 0.0000000e+000
 0.0000000e+000
 0.0000000e+000
 0.0000000e+000
 0.0000000e+000
 0.0000000e+000
 0.0000000e+000
 0.0000000e+000
 0.0000000e+000
 0.0000000e+000
 0.0000000e+000
 0.0000000e+000
 0.0000000e+000
 0.0000000e+000
 0.0000000e+000
 0.0000000e+000
 0.0000000e+000
 0.0000000e+000
 0.0000000e+000
 0.0000000e+000
 0.0000000e+000
 0.0000000e+000
 0.0000000e+000
 0.0000000e+000
 0.0000000e+000
 0.0000000e+000
 0.0000000e+000
 0.0000000e+000
 0.0000000e+000
 0.0000000e+000
 0.0000000e+000
 0.0000000e+000
 0.0000000e+000
 0.0000000e+000
 0.0000000e+000
 0.0000000e+000
 0.0000000e+000
 0.0000000e+000
 0.0000000e+000
 0.0000000e+000
 0.0000000e+000
 0.0000000e+000
 0.0000000e+000
 0.0000000e+000
 0.0000000e+000
 0.0000000e+000
 0.0000000e+000
 0.0000000e+000
 0.0000000e+000
 0.0000000e+000
 0.0000000e+000
 0.0000000e+000
 0.0000000e+000
 0.0000000e+000
 0.0000000e+000
 0.0000000e+000
 0.0000000e+000
 0.0000000e+000
 0.0000000e+000
 0.0000000e+000
 0.0000000e+000
 0.0000000e+000
 0.0000000e+000
 0.0000000e+000
 0.0000000e+000
 0.0000000e+000
 0.0000000e+000
 0.0000000e+000
 0.0000000e+000
 0.0000000e+000
 0.0000000e+000
 0.0000000e+000
 0.0000000e+000
 0.0000000e+000
 0.0000000e+000
 0.0000000e+000
 0.0000000e+000
 0.0000000e+000
 0.0000000e+000
 0.0000000e+000
 0.0000000e+000
 0.0000000e+000
 0.0000000e+000
 0.0000000e+000
 0.0000000e+000
 0.0000000e+000
 0.0000000e+000
 0.0000000e+000
 0.0000000e+000
 0.0000000e+000
 0.0000000e+000
 0.0000000e+000
 0.0000000e+000
 0.0000000e+000
 0.0000000e+000
 0.0000000e+000
 0.0000000e+000
 0.0000000e+000
 0.0000000e+000
 0.0000000e+000
 0.0000000e+000
 0.0000000e+000
 0.0000000e+000
 0.0000000e+000
 0.0000000e+000
 0.0000000e+000
 0.0000000e+000
 0.0000000e+000
 0.0000000e+000
 0.0000000e+000
 0.0000000e+000
 0.0000000e+000
 0.0000000e+000
 0.0000000e+000
 0.0000000e+000
 0.0000000e+000
 0.0000000e+000
 0.0000000e+000
 0.0000000e+000
 0.0000000e+000
 0.0000000e+000
 0.0000000e+000
 0.0000000e+000
 0.0000000e+000
 0.0000000e+000
 0.0000000e+000
 0.0000000e+000
 0.0000000e+000
 0.0000000e+000
 0.0000000e+000
 0.0000000e+000
 0.0000000e+000
 0.0000000e+000
 0.0000000e+000
 0.0000000e+000
 0.0000000e+000
 0.0000000e+000
 0.0000000e+000
 0.0000000e+000
 0.0000000e+000
 0.0000000e+000
 0.0000000e+000
 0.0000000e+000
 0.0000000e+000
 0.0000000e+000
 0.0000000e+000
 0.0000000e+000
 0.0000000e+000
 0.0000000e+000
 0.0000000e+000
 0.0000000e+000
 0.0000000e+000
 0.0000000e+000
 0.0000000e+000
 0.0000000e+000
 0.0000000e+000
 0.0000000e+000
 0.0000000e+000
 0.0000000e+000
 0.0000000e+000
 0.0000000e+000
 0.0000000e+000
 0.0000000e+000
 0.0000000e+000
 0.0000000e+000
 0.0000000e+000
 0.0000000e+000
 0.0000000e+000
 0.0000000e+000
 0.0000000e+000
 0.0000000e+000
 0.0000000e+000
 0.0000000e+000
 0.0000000e+000
 0.0000000e+000
 0.0000000e+000
 0.0000000e+000
 0.0000000e+000
 0.0000000e+000
 0.0000000e+000
 0.0000000e+000
 0.0000000e+000
 0.0000000e+000
 0.0000000e+000
 0.0000000e+000
 0.0000000e+000
 0.0000000e+000
 0.0000000e+000
 0.0000000e+000
 0.0000000e+000
 0.0000000e+000
 0.0000000e+000
 0.0000000e+000
 0.0000000e+000
 0.0000000e+000
 0.0000000e+000
 0.0000000e+000
 0.0000000e+000
 0.0000000e+000
 0.0000000e+000
 0.0000000e+000
 0.0000000e+000
 0.0000000e+000
 0.0000000e+000
 0.0000000e+000
 0.0000000e+000
 0.0000000e+000
 0.0000000e+000
 0.0000000e+000
 0.0000000e+000
 0.0000000e+000
 0.0000000e+000
 0.0000000e+000
 0.0000000e+000
 0.0000000e+000
 0.0000000e+000
 0.0000000e+000
 0.0000000e+000
 0.0000000e+000
 0.0000000e+000
 0.0000000e+000
 0.0000000e+000
 0.0000000e+000
 0.0000000e+000
 0.0000000e+000
 0.0000000e+000
 0.0000000e+000
 0.0000000e+000
 0.0000000e+000
 0.0000000e+000
 0.0000000e+000
 0.0000000e+000
 0.0000000e+000
 0.0000000e+000
 0.0000000e+000
 0.0000000e+000
 0.0000000e+000
 0.0000000e+000
 0.0000000e+000
 0.0000000e+000
 0.0000000e+000
 0.0000000e+000
 0.0000000e+000
 0.0000000e+000
 0.0000000e+000
 0.0000000e+000
 0.0000000e+000
 0.0000000e+000
 0.0000000e+000
 0.0000000e+000
 0.0000000e+000
 0.0000000e+000
 0.0000000e+000
 0.0000000e+000
 0.0000000e+000
 0.0000000e+000
 0.0000000e+000
 0.0000000e+000
 0.0000000e+000
 0.0000000e+000
 0.0000000e+000
 0.0000000e+000
 0.0000000e+000
 0.0000000e+000
 0.0000000e+000
 0.0000000e+000
 0.0000000e+000
 0.0000000e+000
 0.0000000e+000
 0.0000000e+000
 0.0000000e+000
 0.0000000e+000
 0.0000000e+000
 0.0000000e+000
 0.0000000e+000
 0.0000000e+000
 0.0000000e+000
 0.0000000e+000
 0.0000000e+000
 0.0000000e+000
 0.0000000e+000
 0.0000000e+000
 0.0000000e+000
 0.0000000e+000
 0.0000000e+000
 0.0000000e+000
 0.0000000e+000
 0.0000000e+000
 0.0000000e+000
 0.0000000e+000
 0.0000000e+000
 0.0000000e+000
 0.0000000e+000
 0.0000000e+000
 0.0000000e+000
 0.0000000e+000
 0.0000000e+000
 0.0000000e+000
 0.0000000e+000
 0.0000000e+000
 0.0000000e+000
 0.0000000e+000
 0.0000000e+000
 0.0000000e+000
 0.0000000e+000
 0.0000000e+000
 0.0000000e+000
 0.0000000e+000
 0.0000000e+000
 0.0000000e+000
 0.0000000e+000
 0.0000000e+000
 0.0000000e+000
 0.0000000e+000
 0.0000000e+000
 0.0000000e+000
 0.0000000e+000
 0.0000000e+000
 0.0000000e+000
 0.0000000e+000
 0.0000000e+000
 0.0000000e+000
 0.0000000e+000
 0.0000000e+000
 0.0000000e+000
 0.0000000e+000
 0.0000000e+000
 0.0000000e+000
 0.0000000e+000
 0.0000000e+000
 0.0000000e+000
 0.0000000e+000
 0.0000000e+000
 0.0000000e+000
 0.0000000e+000
 0.0000000e+000
 0.0000000e+000
 0.0000000e+000
 0.0000000e+000
 0.0000000e+000
 0.0000000e+000
 0.0000000e+000
 0.0000000e+000
 0.0000000e+000
 0.0000000e+000
 0.0000000e+000
 0.0000000e+000
 0.0000000e+000
 0.0000000e+000
 0.0000000e+000
 0.0000000e+000
 0.0000000e+000
 0.0000000e+000
 0.0000000e+000
 0.0000000e+000
 0.0000000e+000
 0.0000000e+000
 0.0000000e+000
 0.0000000e+000
 0.0000000e+000
 0.0000000e+000
 0.0000000e+000
 0.0000000e+000
 0.0000000e+000
 0.0000000e+000
 0.0000000e+000
 0.0000000e+000
 0.0000000e+000
 0.0000000e+000
 0.0000000e+000
 0.0000000e+000
 0.0000000e+000
 0.0000000e+000
 0.0000000e+000
 0.0000000e+000
 0.0000000e+000
 0.0000000e+000
 0.0000000e+000
 0.0000000e+000
 0.0000000e+000
 0.0000000e+000
 0.0000000e+000
 0.0000000e+000
 0.0000000e+000
 0.0000000e+000
 0.0000000e+000
 0.0000000e+000
 0.0000000e+000
 0.0000000e+000
 0.0000000e+000
 0.0000000e+000
 0.0000000e+000
 0.0000000e+000
 0.0000000e+000
 0.0000000e+000
 0.0000000e+000
 0.0000000e+000
 0.0000000e+000
 0.0000000e+000
 0.0000000e+000
 0.0000000e+000
 0.0000000e+000
 0.0000000e+000
 0.0000000e+000
 0.0000000e+000
 0.0000000e+000
 0.0000000e+000
 0.0000000e+000
 0.0000000e+000
 0.0000000e+000
 0.0000000e+000
 0.0000000e+000
 0.0000000e+000
 0.0000000e+000
 0.0000000e+000
 0.0000000e+000
 0.0000000e+000
 0.0000000e+000
 0.0000000e+000
 0.0000000e+000
 0.0000000e+000
 0.0000000e+000
 0.0000000e+000
 0.0000000e+000
 0.0000000e+000
 0.0000000e+000
 0.0000000e+000
 0.0000000e+000
 0.0000000e+000
 0.0000000e+000
 0.0000000e+000
 0.0000000e+000
 0.0000000e+000
 0.0000000e+000
 0.0000000e+000
 0.0000000e+000
 0.0000000e+000
 0.0000000e+000
 0.0000000e+000
 0.0000000e+000
 0.0000000e+000
 0.0000000e+000
 0.0000000e+000
 0.0000000e+000
 0.0000000e+000
 0.0000000e+000
 0.0000000e+000
 0.0000000e+000
 0.0000000e+000
 0.0000000e+000
 0.0000000e+000
 0.0000000e+000
 0.0000000e+000
 0.0000000e+000
 0.0000000e+000
 0.0000000e+000
 0.0000000e+000
 0.0000000e+000
 0.0000000e+000
 0.0000000e+000
 0.0000000e+000
 0.0000000e+000
 0.0000000e+000
 0.0000000e+000
 0.0000000e+000
 0.0000000e+000
 0.0000000e+000
 0.0000000e+000
 0.0000000e+000
 0.0000000e+000
 0.0000000e+000
 0.0000000e+000
 0.0000000e+000
 0.0000000e+000
 0.0000000e+000
 0.0000000e+000
 0.0000000e+000
 0.0000000e+000
 0.0000000e+000
 0.0000000e+000
 0.0000000e+000
 0.0000000e+000
 0.0000000e+000
 0.0000000e+000
 0.0000000e+000
 0.0000000e+000
 0.0000000e+000
 0.0000000e+000
 0.0000000e+000
 0.0000000e+000
 0.0000000e+000
 0.0000000e+000
 0.0000000e+000
 0.0000000e+000
 0.0000000e+000
 0.0000000e+000
 0.0000000e+000
 0.0000000e+000
 0.0000000e+000
 0.0000000e+000
 0.0000000e+000
 0.0000000e+000
 0.0000000e+000
 0.0000000e+000
 0.0000000e+000
 0.0000000e+000
 0.0000000e+000
 0.0000000e+000
 0.0000000e+000
 0.0000000e+000
 0.0000000e+000
 0.0000000e+000
 0.0000000e+000
 0.0000000e+000
 0.0000000e+000
 0.0000000e+000
 0.0000000e+000
 0.0000000e+000
 0.0000000e+000
 0.0000000e+000
 0.0000000e+000
 0.0000000e+000
 0.0000000e+000
 0.0000000e+000
 0.0000000e+000
 0.0000000e+000
 0.0000000e+000
 0.0000000e+000
 0.0000000e+000
 0.0000000e+000
 0.0000000e+000
 0.0000000e+000
 0.0000000e+000
 0.0000000e+000
 0.0000000e+000
 0.0000000e+000
 0.0000000e+000
 0.0000000e+000
 0.0000000e+000
 0.0000000e+000
 0.0000000e+000
 0.0000000e+000
 0.0000000e+000
 0.0000000e+000
 0.0000000e+000
 0.0000000e+000
 0.0000000e+000
 0.0000000e+000
 0.0000000e+000
 0.0000000e+000
 0.0000000e+000
 0.0000000e+000
 0.0000000e+000
 0.0000000e+000
 0.0000000e+000
 0.0000000e+000
 0.0000000e+000
 0.0000000e+000
 0.0000000e+000
 0.0000000e+000
 0.0000000e+000
 0.0000000e+000
 0.0000000e+000
 0.0000000e+000
 0.0000000e+000
 0.0000000e+000
 0.0000000e+000
 0.0000000e+000
 0.0000000e+000
 0.0000000e+000
 0.0000000e+000
 0.0000000e+000
 0.0000000e+000
 0.0000000e+000
 0.0000000e+000
 0.0000000e+000
 0.0000000e+000
 0.0000000e+000
 0.0000000e+000
 0.0000000e+000
 0.0000000e+000
 0.0000000e+000
 0.0000000e+000
 0.0000000e+000
 0.0000000e+000
 0.0000000e+000
 0.0000000e+000
 0.0000000e+000
 0.0000000e+000
 0.0000000e+000
 0.0000000e+000
 0.0000000e+000
 0.0000000e+000
 0.0000000e+000
 0.0000000e+000
 0.0000000e+000
 0.0000000e+000
 0.0000000e+000
 0.0000000e+000
 0.0000000e+000
 0.0000000e+000
 0.0000000e+000
 0.0000000e+000
 0.0000000e+000
 0.0000000e+000
 0.0000000e+000
 0.0000000e+000
 0.0000000e+000
 0.0000000e+000
 0.0000000e+000
 0.0000000e+000
 0.0000000e+000
 0.0000000e+000
 0.0000000e+000
 0.0000000e+000
 0.0000000e+000
 0.0000000e+000
 0.0000000e+000
 0.0000000e+000
 0.0000000e+000
 0.0000000e+000
 0.0000000e+000
 0.0000000e+000
 0.0000000e+000
 0.0000000e+000
 0.0000000e+000
 0.0000000e+000
 0.0000000e+000
 0.0000000e+000
 0.0000000e+000
 0.0000000e+000
 0.0000000e+000
 0.0000000e+000
 0.0000000e+000
 0.0000000e+000
 0.0000000e+000
 0.0000000e+000
 0.0000000e+000
 0.0000000e+000
 0.0000000e+000
 0.0000000e+000
 0.0000000e+000
 0.0000000e+000
 0.0000000e+000
 0.0000000e+000
 0.0000000e+000
 0.0000000e+000
 0.0000000e+000
 0.0000000e+000
 0.0000000e+000
 0.0000000e+000
 0.0000000e+000
 0.0000000e+000
 0.0000000e+000
 0.0000000e+000
 0.0000000e+000
 0.0000000e+000
 0.0000000e+000
 0.0000000e+000
 0.0000000e+000
 0.0000000e+000
 0.0000000e+000
 0.0000000e+000
 0.0000000e+000
 0.0000000e+000
 0.0000000e+000
 0.0000000e+000
 0.0000000e+000
 0.0000000e+000
 0.0000000e+000
 0.0000000e+000
 0.0000000e+000
 0.0000000e+000
 0.0000000e+000
 0.0000000e+000
 0.0000000e+000
 0.0000000e+000
 0.0000000e+000
 0.0000000e+000
 0.0000000e+000
 0.0000000e+000
 0.0000000e+000
 0.0000000e+000
 0.0000000e+000
 0.0000000e+000
 0.0000000e+000
 0.0000000e+000
 0.0000000e+000
 0.0000000e+000
 0.0000000e+000
 0.0000000e+000
 0.0000000e+000
 0.0000000e+000
 0.0000000e+000
 0.0000000e+000
 0.0000000e+000
 0.0000000e+000
 0.0000000e+000
 0.0000000e+000
 0.0000000e+000
 0.0000000e+000
 0.0000000e+000
 0.0000000e+000
 0.0000000e+000
 0.0000000e+000
 0.0000000e+000
 0.0000000e+000
 0.0000000e+000
 0.0000000e+000
 0.0000000e+000
 0.0000000e+000
 0.0000000e+000
 0.0000000e+000
 0.0000000e+000
 0.0000000e+000
 0.0000000e+000
 0.0000000e+000
 0.0000000e+000
 0.0000000e+000
 0.0000000e+000
 0.0000000e+000
 0.0000000e+000
 0.0000000e+000
 0.0000000e+000
 0.0000000e+000
 0.0000000e+000
 0.0000000e+000
 0.0000000e+000
 0.0000000e+000
 0.0000000e+000
 0.0000000e+000
 0.0000000e+000
 0.0000000e+000
 0.0000000e+000
 0.0000000e+000
 0.0000000e+000
 0.0000000e+000
 0.0000000e+000
 0.0000000e+000
 0.0000000e+000
 0.0000000e+000
 0.0000000e+000
 0.0000000e+000
 0.0000000e+000
 0.0000000e+000
 0.0000000e+000
 0.0000000e+000
 0.0000000e+000
 0.0000000e+000
 0.0000000e+000
 0.0000000e+000
 0.0000000e+000
 0.0000000e+000
 0.0000000e+000
 0.0000000e+000
 0.0000000e+000
 0.0000000e+000
 0.0000000e+000
 0.0000000e+000
 0.0000000e+000
 0.0000000e+000
 0.0000000e+000
 0.0000000e+000
 0.0000000e+000
 0.0000000e+000
 0.0000000e+000
 0.0000000e+000
 0.0000000e+000
 0.0000000e+000
 0.0000000e+000
 0.0000000e+000
 0.0000000e+000
 0.0000000e+000
 0.0000000e+000
 0.0000000e+000
 0.0000000e+000
 0.0000000e+000
 0.0000000e+000
 0.0000000e+000
 0.0000000e+000
 0.0000000e+000
 0.0000000e+000
 0.0000000e+000
 0.0000000e+000
 0.0000000e+000
 0.0000000e+000
 0.0000000e+000
 0.0000000e+000
 0.0000000e+000
 0.0000000e+000
 0.0000000e+000
 0.0000000e+000
 0.0000000e+000
 0.0000000e+000
 0.0000000e+000
 0.0000000e+000
 0.0000000e+000
 0.0000000e+000
 0.0000000e+000
 0.0000000e+000
 0.0000000e+000
 0.0000000e+000
 0.0000000e+000
 0.0000000e+000
 0.0000000e+000
 0.0000000e+000
 0.0000000e+000
 0.0000000e+000
 0.0000000e+000
 0.0000000e+000
 0.0000000e+000
 0.0000000e+000
 0.0000000e+000
 0.0000000e+000
 0.0000000e+000
 0.0000000e+000
 0.0000000e+000
 0.0000000e+000
 0.0000000e+000
 0.0000000e+000
 0.0000000e+000
 0.0000000e+000
 0.0000000e+000
 0.0000000e+000
 0.0000000e+000
 0.0000000e+000
 0.0000000e+000
 0.0000000e+000
 0.0000000e+000
 0.0000000e+000
 0.0000000e+000
 0.0000000e+000
 0.0000000e+000
 0.0000000e+000
 0.0000000e+000
 0.0000000e+000
 0.0000000e+000
 0.0000000e+000
 0.0000000e+000
 0.0000000e+000
 0.0000000e+000
 0.0000000e+000
 0.0000000e+000
 0.0000000e+000
 0.0000000e+000
 0.0000000e+000
 0.0000000e+000
 0.0000000e+000
 0.0000000e+000
 0.0000000e+000
 0.0000000e+000
 0.0000000e+000
 0.0000000e+000
 0.0000000e+000
 0.0000000e+000
 0.0000000e+000
 0.0000000e+000
 0.0000000e+000
 0.0000000e+000
 0.0000000e+000
 0.0000000e+000
 0.0000000e+000
 0.0000000e+000
 0.0000000e+000
 0.0000000e+000
 0.0000000e+000
 0.0000000e+000
 0.0000000e+000
 0.0000000e+000
 0.0000000e+000
 0.0000000e+000
 0.0000000e+000
 0.0000000e+000
 0.0000000e+000
 0.0000000e+000
 0.0000000e+000
 0.0000000e+000
 0.0000000e+000
 0.0000000e+000
 0.0000000e+000
 0.0000000e+000
 0.0000000e+000
 0.0000000e+000
 0.0000000e+000
 0.0000000e+000
 0.0000000e+000
 0.0000000e+000
 0.0000000e+000
 0.0000000e+000
 0.0000000e+000
 0.0000000e+000
 0.0000000e+000
 0.0000000e+000
 0.0000000e+000
 0.0000000e+000
 0.0000000e+000
 0.0000000e+000
 0.0000000e+000
 0.0000000e+000
 0.0000000e+000
 0.0000000e+000
 0.0000000e+000
 0.0000000e+000
 0.0000000e+000
 0.0000000e+000
 0.0000000e+000
 0.0000000e+000
 0.0000000e+000
 0.0000000e+000
 0.0000000e+000
 0.0000000e+000
 0.0000000e+000
 0.0000000e+000
 0.0000000e+000
 0.0000000e+000
 0.0000000e+000
 0.0000000e+000
 0.0000000e+000
 0.0000000e+000
 0.0000000e+000
 0.0000000e+000
 0.0000000e+000
 0.0000000e+000
 0.0000000e+000
 0.0000000e+000
 0.0000000e+000
 0.0000000e+000
 0.0000000e+000
 0.0000000e+000
 0.0000000e+000
 0.0000000e+000
 0.0000000e+000
 0.0000000e+000
 0.0000000e+000
 0.0000000e+000
 0.0000000e+000
 0.0000000e+000
 0.0000000e+000
 0.0000000e+000
 0.0000000e+000
 0.0000000e+000
 0.0000000e+000
 0.0000000e+000
 0.0000000e+000
 0.0000000e+000
 0.0000000e+000
 0.0000000e+000
 0.0000000e+000
 0.0000000e+000
 0.0000000e+000
 0.0000000e+000
 0.0000000e+000
 0.0000000e+000
 0.0000000e+000
 0.0000000e+000
 0.0000000e+000
 0.0000000e+000
 0.0000000e+000
 0.0000000e+000
 0.0000000e+000
 0.0000000e+000
 0.0000000e+000
 0.0000000e+000
 0.0000000e+000
 0.0000000e+000
 0.0000000e+000
 0.0000000e+000
 0.0000000e+000
 0.0000000e+000
 0.0000000e+000
 0.0000000e+000
 0.0000000e+000
 0.0000000e+000
 0.0000000e+000
 0.0000000e+000
 0.0000000e+000
 0.0000000e+000
 0.0000000e+000
 0.0000000e+000
 0.0000000e+000
 0.0000000e+000
 0.0000000e+000
 0.0000000e+000
 0.0000000e+000
 0.0000000e+000
 0.0000000e+000
 0.0000000e+000
 0.0000000e+000
 0.0000000e+000
 0.0000000e+000
 0.0000000e+000
 0.0000000e+000
 0.0000000e+000
 0.0000000e+000
 0.0000000e+000
 0.0000000e+000
 0.0000000e+000
 0.0000000e+000
 0.0000000e+000
 0.0000000e+000
 0.0000000e+000
 0.0000000e+000
 0.0000000e+000
 0.0000000e+000
 0.0000000e+000
 0.0000000e+000
 0.0000000e+000
 0.0000000e+000
 0.0000000e+000
 0.0000000e+000
 0.0000000e+000
 0.0000000e+000
 0.0000000e+000
 0.0000000e+000
 0.0000000e+000
 0.0000000e+000
 0.0000000e+000
 0.0000000e+000
 0.0000000e+000
 0.0000000e+000
 0.0000000e+000
 0.0000000e+000
 0.0000000e+000
 0.0000000e+000
 0.0000000e+000
 0.0000000e+000
 0.0000000e+000
 0.0000000e+000
 0.0000000e+000
 0.0000000e+000
 0.0000000e+000
 0.0000000e+000
 0.0000000e+000
 0.0000000e+000
 0.0000000e+000
 0.0000000e+000
 0.0000000e+000
 0.0000000e+000
 0.0000000e+000
 0.0000000e+000
 0.0000000e+000
 0.0000000e+000
 0.0000000e+000
 0.0000000e+000
 0.0000000e+000
 0.0000000e+000
 0.0000000e+000
 0.0000000e+000
 0.0000000e+000
 0.0000000e+000
 0.0000000e+000
 0.0000000e+000
 0.0000000e+000
 0.0000000e+000
 0.0000000e+000
 0.0000000e+000
 0.0000000e+000
 0.0000000e+000
 0.0000000e+000
 0.0000000e+000
 0.0000000e+000
 0.0000000e+000
 0.0000000e+000
 0.0000000e+000
 0.0000000e+000
 0.0000000e+000
 0.0000000e+000
 0.0000000e+000
 0.0000000e+000
 0.0000000e+000
 0.0000000e+000
 0.0000000e+000
 0.0000000e+000
 0.0000000e+000
 0.0000000e+000
 0.0000000e+000
 0.0000000e+000
 0.0000000e+000
 0.0000000e+000
 0.0000000e+000
 0.0000000e+000
 0.0000000e+000
 0.0000000e+000
 0.0000000e+000
 0.0000000e+000
 0.0000000e+000
 0.0000000e+000
 0.0000000e+000
 0.0000000e+000
 0.0000000e+000
 0.0000000e+000
 0.0000000e+000
 0.0000000e+000
 0.0000000e+000
 0.0000000e+000
 0.0000000e+000
 0.0000000e+000
 0.0000000e+000
 0.0000000e+000
 0.0000000e+000
 0.0000000e+000
 0.0000000e+000
 0.0000000e+000
 0.0000000e+000
 0.0000000e+000
 0.0000000e+000
 0.0000000e+000
 0.0000000e+000
 0.0000000e+000
 0.0000000e+000
 0.0000000e+000
 0.0000000e+000
 0.0000000e+000
 0.0000000e+000
 0.0000000e+000
 0.0000000e+000
 0.0000000e+000
 0.0000000e+000
 0.0000000e+000
 0.0000000e+000
 0.0000000e+000
 0.0000000e+000
 0.0000000e+000
 0.0000000e+000
 0.0000000e+000
 0.0000000e+000
 0.0000000e+000
 0.0000000e+000
 0.0000000e+000
 0.0000000e+000
 0.0000000e+000
 0.0000000e+000
 0.0000000e+000
 0.0000000e+000
 0.0000000e+000
 0.0000000e+000
 0.0000000e+000
 0.0000000e+000
 0.0000000e+000
 0.0000000e+000
 0.0000000e+000
 0.0000000e+000
 0.0000000e+000
 0.0000000e+000
 0.0000000e+000
 0.0000000e+000
 0.0000000e+000
 0.0000000e+000
 0.0000000e+000
 0.0000000e+000
 0.0000000e+000
 0.0000000e+000
 0.0000000e+000
 0.0000000e+000
 0.0000000e+000
 0.0000000e+000
 0.0000000e+000
 0.0000000e+000
 0.0000000e+000
 0.0000000e+000
 0.0000000e+000
 0.0000000e+000
 0.0000000e+000
 0.0000000e+000
 0.0000000e+000
 0.0000000e+000
 0.0000000e+000
 0.0000000e+000
 0.0000000e+000
 0.0000000e+000
 0.0000000e+000
 0.0000000e+000
 0.0000000e+000
 0.0000000e+000
 0.0000000e+000
 0.0000000e+000
 0.0000000e+000
 0.0000000e+000
 0.0000000e+000
 0.0000000e+000
 0.0000000e+000
 0.0000000e+000
 0.0000000e+000
 0.0000000e+000
 0.0000000e+000
 0.0000000e+000
 0.0000000e+000
 0.0000000e+000
 0.0000000e+000
 0.0000000e+000
 0.0000000e+000
 0.0000000e+000
 0.0000000e+000
 0.0000000e+000
 0.0000000e+000
 0.0000000e+000
 0.0000000e+000
 0.0000000e+000
 0.0000000e+000
 0.0000000e+000
 0.0000000e+000
 0.0000000e+000
 0.0000000e+000
 0.0000000e+000
 0.0000000e+000
 0.0000000e+000
 0.0000000e+000
 0.0000000e+000
 0.0000000e+000
 0.0000000e+000
 0.0000000e+000
 0.0000000e+000
 0.0000000e+000
 0.0000000e+000
 0.0000000e+000
 0.0000000e+000
 0.0000000e+000
 0.0000000e+000
 0.0000000e+000
 0.0000000e+000
 0.0000000e+000
 0.0000000e+000
 0.0000000e+000
 0.0000000e+000
 0.0000000e+000
 0.0000000e+000
 0.0000000e+000
 0.0000000e+000
 0.0000000e+000
 0.0000000e+000
 0.0000000e+000
 0.0000000e+000
 0.0000000e+000
 0.0000000e+000
 0.0000000e+000
 0.0000000e+000
 0.0000000e+000
 0.0000000e+000
 0.0000000e+000
 0.0000000e+000
 0.0000000e+000
 0.0000000e+000
 0.0000000e+000
 0.0000000e+000
 0.0000000e+000
 0.0000000e+000
 0.0000000e+000
 0.0000000e+000
 0.0000000e+000
 0.0000000e+000
 0.0000000e+000
 0.0000000e+000
 0.0000000e+000
 0.0000000e+000
 0.0000000e+000
 0.0000000e+000
 0.0000000e+000
 0.0000000e+000
 0.0000000e+000
 0.0000000e+000
 0.0000000e+000
 0.0000000e+000
 0.0000000e+000
 0.0000000e+000
 0.0000000e+000
 0.0000000e+000
 0.0000000e+000
 0.0000000e+000
 0.0000000e+000
 0.0000000e+000
 0.0000000e+000
 0.0000000e+000
 0.0000000e+000
 0.0000000e+000
 0.0000000e+000
 0.0000000e+000
 0.0000000e+000
 0.0000000e+000
 0.0000000e+000
 0.0000000e+000
 0.0000000e+000
 0.0000000e+000
 0.0000000e+000
 0.0000000e+000
 0.0000000e+000
 0.0000000e+000
 0.0000000e+000
 0.0000000e+000
 0.0000000e+000
 0.0000000e+000
 0.0000000e+000
 0.0000000e+000
 0.0000000e+000
 0.0000000e+000
 0.0000000e+000
 0.0000000e+000
 0.0000000e+000
 0.0000000e+000
 0.0000000e+000
 0.0000000e+000
 0.0000000e+000
 0.0000000e+000
 0.0000000e+000
 0.0000000e+000
 0.0000000e+000
 0.0000000e+000
 0.0000000e+000
 0.0000000e+000
 0.0000000e+000
 0.0000000e+000
 0.0000000e+000
 0.0000000e+000
 0.0000000e+000
 0.0000000e+000
 0.0000000e+000
 0.0000000e+000
 0.0000000e+000
 0.0000000e+000
 0.0000000e+000
 0.0000000e+000
 0.0000000e+000
 0.0000000e+000
 0.0000000e+000
 0.0000000e+000
 0.0000000e+000
 0.0000000e+000
 0.0000000e+000
 0.0000000e+000
 0.0000000e+000
 0.0000000e+000
 0.0000000e+000
 0.0000000e+000
 0.0000000e+000
 0.0000000e+000
 0.0000000e+000
 0.0000000e+000
 0.0000000e+000
 0.0000000e+000
 0.0000000e+000
 0.0000000e+000
 0.0000000e+000
 0.0000000e+000
 0.0000000e+000
 0.0000000e+000
 0.0000000e+000
 0.0000000e+000
 0.0000000e+000
 0.0000000e+000
 0.0000000e+000
 0.0000000e+000
 0.0000000e+000
 0.0000000e+000
 0.0000000e+000
 0.0000000e+000
 0.0000000e+000
 0.0000000e+000
 0.0000000e+000
 0.0000000e+000
 0.0000000e+000
 0.0000000e+000
 0.0000000e+000
 0.0000000e+000
 0.0000000e+000
 0.0000000e+000
 0.0000000e+000
 0.0000000e+000
 0.0000000e+000
 0.0000000e+000
 0.0000000e+000
 0.0000000e+000
 0.0000000e+000
 0.0000000e+000
 0.0000000e+000
 0.0000000e+000
 0.0000000e+000
 0.0000000e+000
 0.0000000e+000
 0.0000000e+000
 0.0000000e+000
 0.0000000e+000
 0.0000000e+000
 0.0000000e+000
 0.0000000e+000
 0.0000000e+000
 0.0000000e+000
 0.0000000e+000
 0.0000000e+000
 0.0000000e+000
 0.0000000e+000
 0.0000000e+000
 0.0000000e+000
 0.0000000e+000
 0.0000000e+000
 0.0000000e+000
 0.0000000e+000
 0.0000000e+000
 0.0000000e+000
 0.0000000e+000
 0.0000000e+000
 0.0000000e+000
 0.0000000e+000
 0.0000000e+000
 0.0000000e+000
 0.0000000e+000
 0.0000000e+000
 0.0000000e+000
 0.0000000e+000
 0.0000000e+000
 0.0000000e+000
 0.0000000e+000
 0.0000000e+000
 0.0000000e+000
 0.0000000e+000
 0.0000000e+000
 0.0000000e+000
 0.0000000e+000
 0.0000000e+000
 0.0000000e+000
 0.0000000e+000
 0.0000000e+000
 0.0000000e+000
 0.0000000e+000
 0.0000000e+000
 0.0000000e+000
 0.0000000e+000
 0.0000000e+000
 0.0000000e+000
 0.0000000e+000
 0.0000000e+000
 0.0000000e+000
 0.0000000e+000
 0.0000000e+000
 0.0000000e+000
 0.0000000e+000
 0.0000000e+000
 0.0000000e+000
 0.0000000e+000
 0.0000000e+000
 0.0000000e+000
 0.0000000e+000
