 S07LSAT8 Record=31: SRF Band 2 Landsat8 Blue                
 0.0000000e+000
 0.0000000e+000
 0.0000000e+000
 0.0000000e+000
 0.0000000e+000
 0.0000000e+000
 0.0000000e+000
 0.0000000e+000
 0.0000000e+000
 0.0000000e+000
 0.0000000e+000
 0.0000000e+000
 0.0000000e+000
 0.0000000e+000
 0.0000000e+000
 0.0000000e+000
 9.9999997e-006
 6.0999999e-005
 1.1700000e-004
 2.4100000e-004
 3.4900001e-004
 4.5500000e-004
 7.5599999e-004
 1.1970000e-003
 2.0699999e-003
 3.7120001e-003
 6.8689999e-003
 1.3212000e-002
 2.7170001e-002
 5.8605999e-002
 1.3087600e-001
 2.7136999e-001
 4.9354199e-001
 7.2397101e-001
 8.5750997e-001
 8.9422202e-001
 9.0303397e-001
 9.1092801e-001
 9.0987998e-001
 8.9947498e-001
 8.9797699e-001
 8.8966697e-001
 8.8354200e-001
 8.7745303e-001
 8.8101101e-001
 8.7472099e-001
 8.7968802e-001
 8.8656902e-001
 8.9191300e-001
 8.8767999e-001
 8.6115700e-001
 8.4853297e-001
 8.4082800e-001
 8.2833898e-001
 8.4420198e-001
 8.6586398e-001
 8.6849701e-001
 8.9025301e-001
 9.1253799e-001
 9.1038501e-001
 9.1882199e-001
 9.3172598e-001
 9.3181300e-001
 9.5424801e-001
 9.5554501e-001
 9.6241999e-001
 9.5642400e-001
 9.5335197e-001
 9.7856402e-001
 9.8910397e-001
 9.8561502e-001
 9.8946899e-001
 9.8226202e-001
 9.6880102e-001
 9.6733201e-001
 9.7683603e-001
 9.8872900e-001
 9.8082602e-001
 9.6736097e-001
 9.5475399e-001
 9.6413201e-001
 9.6612501e-001
 9.6677202e-001
 9.8183399e-001
 9.8232001e-001
 9.6568501e-001
 9.6313500e-001
 9.7226101e-001
 9.9649799e-001
 1.0000000e+000
 9.5560002e-001
 8.4489298e-001
 5.3459197e-001
 1.9073801e-001
 4.8328999e-002
 1.3894000e-002
 5.3280001e-003
 2.6110001e-003
 1.5570000e-003
 1.1000000e-003
 7.8499998e-004
 5.1599997e-004
 3.2100000e-004
 1.6200000e-004
 7.2000003e-005
 5.7000001e-005
 2.3000001e-005
 3.2000000e-005
-1.6000000e-005
 0.0000000e+000
 0.0000000e+000
 0.0000000e+000
 0.0000000e+000
 0.0000000e+000
 0.0000000e+000
 0.0000000e+000
 0.0000000e+000
 0.0000000e+000
 0.0000000e+000
 0.0000000e+000
 0.0000000e+000
 0.0000000e+000
 0.0000000e+000
 0.0000000e+000
 0.0000000e+000
 0.0000000e+000
 0.0000000e+000
 0.0000000e+000
 0.0000000e+000
 0.0000000e+000
 0.0000000e+000
 0.0000000e+000
 0.0000000e+000
 0.0000000e+000
 0.0000000e+000
 0.0000000e+000
 0.0000000e+000
 0.0000000e+000
 0.0000000e+000
 0.0000000e+000
 0.0000000e+000
 0.0000000e+000
 0.0000000e+000
 0.0000000e+000
 0.0000000e+000
 0.0000000e+000
 0.0000000e+000
 0.0000000e+000
 0.0000000e+000
 0.0000000e+000
 0.0000000e+000
 0.0000000e+000
 0.0000000e+000
 0.0000000e+000
 0.0000000e+000
 0.0000000e+000
 0.0000000e+000
 0.0000000e+000
 0.0000000e+000
 0.0000000e+000
 0.0000000e+000
 0.0000000e+000
 0.0000000e+000
 0.0000000e+000
 0.0000000e+000
 0.0000000e+000
 0.0000000e+000
 0.0000000e+000
 0.0000000e+000
 0.0000000e+000
 0.0000000e+000
 0.0000000e+000
 0.0000000e+000
 0.0000000e+000
 0.0000000e+000
 0.0000000e+000
 0.0000000e+000
 0.0000000e+000
 0.0000000e+000
 0.0000000e+000
 0.0000000e+000
 0.0000000e+000
 0.0000000e+000
 0.0000000e+000
 0.0000000e+000
 0.0000000e+000
 0.0000000e+000
 0.0000000e+000
 0.0000000e+000
 0.0000000e+000
 0.0000000e+000
 0.0000000e+000
 0.0000000e+000
 0.0000000e+000
 0.0000000e+000
 0.0000000e+000
 0.0000000e+000
 0.0000000e+000
 0.0000000e+000
 0.0000000e+000
 0.0000000e+000
 0.0000000e+000
 0.0000000e+000
 0.0000000e+000
 0.0000000e+000
 0.0000000e+000
 0.0000000e+000
 0.0000000e+000
 0.0000000e+000
 0.0000000e+000
 0.0000000e+000
 0.0000000e+000
 0.0000000e+000
 0.0000000e+000
 0.0000000e+000
 0.0000000e+000
 0.0000000e+000
 0.0000000e+000
 0.0000000e+000
 0.0000000e+000
 0.0000000e+000
 0.0000000e+000
 0.0000000e+000
 0.0000000e+000
 0.0000000e+000
 0.0000000e+000
 0.0000000e+000
 0.0000000e+000
 0.0000000e+000
 0.0000000e+000
 0.0000000e+000
 0.0000000e+000
 0.0000000e+000
 0.0000000e+000
 0.0000000e+000
 0.0000000e+000
 0.0000000e+000
 0.0000000e+000
 0.0000000e+000
 0.0000000e+000
 0.0000000e+000
 0.0000000e+000
 0.0000000e+000
 0.0000000e+000
 0.0000000e+000
 0.0000000e+000
 0.0000000e+000
 0.0000000e+000
 0.0000000e+000
 0.0000000e+000
 0.0000000e+000
 0.0000000e+000
 0.0000000e+000
 0.0000000e+000
 0.0000000e+000
 0.0000000e+000
 0.0000000e+000
 0.0000000e+000
 0.0000000e+000
 0.0000000e+000
 0.0000000e+000
 0.0000000e+000
 0.0000000e+000
 0.0000000e+000
 0.0000000e+000
 0.0000000e+000
 0.0000000e+000
 0.0000000e+000
 0.0000000e+000
 0.0000000e+000
 0.0000000e+000
 0.0000000e+000
 0.0000000e+000
 0.0000000e+000
 0.0000000e+000
 0.0000000e+000
 0.0000000e+000
 0.0000000e+000
 0.0000000e+000
 0.0000000e+000
 0.0000000e+000
 0.0000000e+000
 0.0000000e+000
 0.0000000e+000
 0.0000000e+000
 0.0000000e+000
 0.0000000e+000
 0.0000000e+000
 0.0000000e+000
 0.0000000e+000
 0.0000000e+000
 0.0000000e+000
 0.0000000e+000
 0.0000000e+000
 0.0000000e+000
 0.0000000e+000
 0.0000000e+000
 0.0000000e+000
 0.0000000e+000
 0.0000000e+000
 0.0000000e+000
 0.0000000e+000
 0.0000000e+000
 0.0000000e+000
 0.0000000e+000
 0.0000000e+000
 0.0000000e+000
 0.0000000e+000
 0.0000000e+000
 0.0000000e+000
 0.0000000e+000
 0.0000000e+000
 0.0000000e+000
 0.0000000e+000
 0.0000000e+000
 0.0000000e+000
 0.0000000e+000
 0.0000000e+000
 0.0000000e+000
 0.0000000e+000
 0.0000000e+000
 0.0000000e+000
 0.0000000e+000
 0.0000000e+000
 0.0000000e+000
 0.0000000e+000
 0.0000000e+000
 0.0000000e+000
 0.0000000e+000
 0.0000000e+000
 0.0000000e+000
 0.0000000e+000
 0.0000000e+000
 0.0000000e+000
 0.0000000e+000
 0.0000000e+000
 0.0000000e+000
 0.0000000e+000
 0.0000000e+000
 0.0000000e+000
 0.0000000e+000
 0.0000000e+000
 0.0000000e+000
 0.0000000e+000
 0.0000000e+000
 0.0000000e+000
 0.0000000e+000
 0.0000000e+000
 0.0000000e+000
 0.0000000e+000
 0.0000000e+000
 0.0000000e+000
 0.0000000e+000
 0.0000000e+000
 0.0000000e+000
 0.0000000e+000
 0.0000000e+000
 0.0000000e+000
 0.0000000e+000
 0.0000000e+000
 0.0000000e+000
 0.0000000e+000
 0.0000000e+000
 0.0000000e+000
 0.0000000e+000
 0.0000000e+000
 0.0000000e+000
 0.0000000e+000
 0.0000000e+000
 0.0000000e+000
 0.0000000e+000
 0.0000000e+000
 0.0000000e+000
 0.0000000e+000
 0.0000000e+000
 0.0000000e+000
 0.0000000e+000
 0.0000000e+000
 0.0000000e+000
 0.0000000e+000
 0.0000000e+000
 0.0000000e+000
 0.0000000e+000
 0.0000000e+000
 0.0000000e+000
 0.0000000e+000
 0.0000000e+000
 0.0000000e+000
 0.0000000e+000
 0.0000000e+000
 0.0000000e+000
 0.0000000e+000
 0.0000000e+000
 0.0000000e+000
 0.0000000e+000
 0.0000000e+000
 0.0000000e+000
 0.0000000e+000
 0.0000000e+000
 0.0000000e+000
 0.0000000e+000
 0.0000000e+000
 0.0000000e+000
 0.0000000e+000
 0.0000000e+000
 0.0000000e+000
 0.0000000e+000
 0.0000000e+000
 0.0000000e+000
 0.0000000e+000
 0.0000000e+000
 0.0000000e+000
 0.0000000e+000
 0.0000000e+000
 0.0000000e+000
 0.0000000e+000
 0.0000000e+000
 0.0000000e+000
 0.0000000e+000
 0.0000000e+000
 0.0000000e+000
 0.0000000e+000
 0.0000000e+000
 0.0000000e+000
 0.0000000e+000
 0.0000000e+000
 0.0000000e+000
 0.0000000e+000
 0.0000000e+000
 0.0000000e+000
 0.0000000e+000
 0.0000000e+000
 0.0000000e+000
 0.0000000e+000
 0.0000000e+000
 0.0000000e+000
 0.0000000e+000
 0.0000000e+000
 0.0000000e+000
 0.0000000e+000
 0.0000000e+000
 0.0000000e+000
 0.0000000e+000
 0.0000000e+000
 0.0000000e+000
 0.0000000e+000
 0.0000000e+000
 0.0000000e+000
 0.0000000e+000
 0.0000000e+000
 0.0000000e+000
 0.0000000e+000
 0.0000000e+000
 0.0000000e+000
 0.0000000e+000
 0.0000000e+000
 0.0000000e+000
 0.0000000e+000
 0.0000000e+000
 0.0000000e+000
 0.0000000e+000
 0.0000000e+000
 0.0000000e+000
 0.0000000e+000
 0.0000000e+000
 0.0000000e+000
 0.0000000e+000
 0.0000000e+000
 0.0000000e+000
 0.0000000e+000
 0.0000000e+000
 0.0000000e+000
 0.0000000e+000
 0.0000000e+000
 0.0000000e+000
 0.0000000e+000
 0.0000000e+000
 0.0000000e+000
 0.0000000e+000
 0.0000000e+000
 0.0000000e+000
 0.0000000e+000
 0.0000000e+000
 0.0000000e+000
 0.0000000e+000
 0.0000000e+000
 0.0000000e+000
 0.0000000e+000
 0.0000000e+000
 0.0000000e+000
 0.0000000e+000
 0.0000000e+000
 0.0000000e+000
 0.0000000e+000
 0.0000000e+000
 0.0000000e+000
 0.0000000e+000
 0.0000000e+000
 0.0000000e+000
 0.0000000e+000
 0.0000000e+000
 0.0000000e+000
 0.0000000e+000
 0.0000000e+000
 0.0000000e+000
 0.0000000e+000
 0.0000000e+000
 0.0000000e+000
 0.0000000e+000
 0.0000000e+000
 0.0000000e+000
 0.0000000e+000
 0.0000000e+000
 0.0000000e+000
 0.0000000e+000
 0.0000000e+000
 0.0000000e+000
 0.0000000e+000
 0.0000000e+000
 0.0000000e+000
 0.0000000e+000
 0.0000000e+000
 0.0000000e+000
 0.0000000e+000
 0.0000000e+000
 0.0000000e+000
 0.0000000e+000
 0.0000000e+000
 0.0000000e+000
 0.0000000e+000
 0.0000000e+000
 0.0000000e+000
 0.0000000e+000
 0.0000000e+000
 0.0000000e+000
 0.0000000e+000
 0.0000000e+000
 0.0000000e+000
 0.0000000e+000
 0.0000000e+000
 0.0000000e+000
 0.0000000e+000
 0.0000000e+000
 0.0000000e+000
 0.0000000e+000
 0.0000000e+000
 0.0000000e+000
 0.0000000e+000
 0.0000000e+000
 0.0000000e+000
 0.0000000e+000
 0.0000000e+000
 0.0000000e+000
 0.0000000e+000
 0.0000000e+000
 0.0000000e+000
 0.0000000e+000
 0.0000000e+000
 0.0000000e+000
 0.0000000e+000
 0.0000000e+000
 0.0000000e+000
 0.0000000e+000
 0.0000000e+000
 0.0000000e+000
 0.0000000e+000
 0.0000000e+000
 0.0000000e+000
 0.0000000e+000
 0.0000000e+000
 0.0000000e+000
 0.0000000e+000
 0.0000000e+000
 0.0000000e+000
 0.0000000e+000
 0.0000000e+000
 0.0000000e+000
 0.0000000e+000
 0.0000000e+000
 0.0000000e+000
 0.0000000e+000
 0.0000000e+000
 0.0000000e+000
 0.0000000e+000
 0.0000000e+000
 0.0000000e+000
 0.0000000e+000
 0.0000000e+000
 0.0000000e+000
 0.0000000e+000
 0.0000000e+000
 0.0000000e+000
 0.0000000e+000
 0.0000000e+000
 0.0000000e+000
 0.0000000e+000
 0.0000000e+000
 0.0000000e+000
 0.0000000e+000
 0.0000000e+000
 0.0000000e+000
 0.0000000e+000
 0.0000000e+000
 0.0000000e+000
 0.0000000e+000
 0.0000000e+000
 0.0000000e+000
 0.0000000e+000
 0.0000000e+000
 0.0000000e+000
 0.0000000e+000
 0.0000000e+000
 0.0000000e+000
 0.0000000e+000
 0.0000000e+000
 0.0000000e+000
 0.0000000e+000
 0.0000000e+000
 0.0000000e+000
 0.0000000e+000
 0.0000000e+000
 0.0000000e+000
 0.0000000e+000
 0.0000000e+000
 0.0000000e+000
 0.0000000e+000
 0.0000000e+000
 0.0000000e+000
 0.0000000e+000
 0.0000000e+000
 0.0000000e+000
 0.0000000e+000
 0.0000000e+000
 0.0000000e+000
 0.0000000e+000
 0.0000000e+000
 0.0000000e+000
 0.0000000e+000
 0.0000000e+000
 0.0000000e+000
 0.0000000e+000
 0.0000000e+000
 0.0000000e+000
 0.0000000e+000
 0.0000000e+000
 0.0000000e+000
 0.0000000e+000
 0.0000000e+000
 0.0000000e+000
 0.0000000e+000
 0.0000000e+000
 0.0000000e+000
 0.0000000e+000
 0.0000000e+000
 0.0000000e+000
 0.0000000e+000
 0.0000000e+000
 0.0000000e+000
 0.0000000e+000
 0.0000000e+000
 0.0000000e+000
 0.0000000e+000
 0.0000000e+000
 0.0000000e+000
 0.0000000e+000
 0.0000000e+000
 0.0000000e+000
 0.0000000e+000
 0.0000000e+000
 0.0000000e+000
 0.0000000e+000
 0.0000000e+000
 0.0000000e+000
 0.0000000e+000
 0.0000000e+000
 0.0000000e+000
 0.0000000e+000
 0.0000000e+000
 0.0000000e+000
 0.0000000e+000
 0.0000000e+000
 0.0000000e+000
 0.0000000e+000
 0.0000000e+000
 0.0000000e+000
 0.0000000e+000
 0.0000000e+000
 0.0000000e+000
 0.0000000e+000
 0.0000000e+000
 0.0000000e+000
 0.0000000e+000
 0.0000000e+000
 0.0000000e+000
 0.0000000e+000
 0.0000000e+000
 0.0000000e+000
 0.0000000e+000
 0.0000000e+000
 0.0000000e+000
 0.0000000e+000
 0.0000000e+000
 0.0000000e+000
 0.0000000e+000
 0.0000000e+000
 0.0000000e+000
 0.0000000e+000
 0.0000000e+000
 0.0000000e+000
 0.0000000e+000
 0.0000000e+000
 0.0000000e+000
 0.0000000e+000
 0.0000000e+000
 0.0000000e+000
 0.0000000e+000
 0.0000000e+000
 0.0000000e+000
 0.0000000e+000
 0.0000000e+000
 0.0000000e+000
 0.0000000e+000
 0.0000000e+000
 0.0000000e+000
 0.0000000e+000
 0.0000000e+000
 0.0000000e+000
 0.0000000e+000
 0.0000000e+000
 0.0000000e+000
 0.0000000e+000
 0.0000000e+000
 0.0000000e+000
 0.0000000e+000
 0.0000000e+000
 0.0000000e+000
 0.0000000e+000
 0.0000000e+000
 0.0000000e+000
 0.0000000e+000
 0.0000000e+000
 0.0000000e+000
 0.0000000e+000
 0.0000000e+000
 0.0000000e+000
 0.0000000e+000
 0.0000000e+000
 0.0000000e+000
 0.0000000e+000
 0.0000000e+000
 0.0000000e+000
 0.0000000e+000
 0.0000000e+000
 0.0000000e+000
 0.0000000e+000
 0.0000000e+000
 0.0000000e+000
 0.0000000e+000
 0.0000000e+000
 0.0000000e+000
 0.0000000e+000
 0.0000000e+000
 0.0000000e+000
 0.0000000e+000
 0.0000000e+000
 0.0000000e+000
 0.0000000e+000
 0.0000000e+000
 0.0000000e+000
 0.0000000e+000
 0.0000000e+000
 0.0000000e+000
 0.0000000e+000
 0.0000000e+000
 0.0000000e+000
 0.0000000e+000
 0.0000000e+000
 0.0000000e+000
 0.0000000e+000
 0.0000000e+000
 0.0000000e+000
 0.0000000e+000
 0.0000000e+000
 0.0000000e+000
 0.0000000e+000
 0.0000000e+000
 0.0000000e+000
 0.0000000e+000
 0.0000000e+000
 0.0000000e+000
 0.0000000e+000
 0.0000000e+000
 0.0000000e+000
 0.0000000e+000
 0.0000000e+000
 0.0000000e+000
 0.0000000e+000
 0.0000000e+000
 0.0000000e+000
 0.0000000e+000
 0.0000000e+000
 0.0000000e+000
 0.0000000e+000
 0.0000000e+000
 0.0000000e+000
 0.0000000e+000
 0.0000000e+000
 0.0000000e+000
 0.0000000e+000
 0.0000000e+000
 0.0000000e+000
 0.0000000e+000
 0.0000000e+000
 0.0000000e+000
 0.0000000e+000
 0.0000000e+000
 0.0000000e+000
 0.0000000e+000
 0.0000000e+000
 0.0000000e+000
 0.0000000e+000
 0.0000000e+000
 0.0000000e+000
 0.0000000e+000
 0.0000000e+000
 0.0000000e+000
 0.0000000e+000
 0.0000000e+000
 0.0000000e+000
 0.0000000e+000
 0.0000000e+000
 0.0000000e+000
 0.0000000e+000
 0.0000000e+000
 0.0000000e+000
 0.0000000e+000
 0.0000000e+000
 0.0000000e+000
 0.0000000e+000
 0.0000000e+000
 0.0000000e+000
 0.0000000e+000
 0.0000000e+000
 0.0000000e+000
 0.0000000e+000
 0.0000000e+000
 0.0000000e+000
 0.0000000e+000
 0.0000000e+000
 0.0000000e+000
 0.0000000e+000
 0.0000000e+000
 0.0000000e+000
 0.0000000e+000
 0.0000000e+000
 0.0000000e+000
 0.0000000e+000
 0.0000000e+000
 0.0000000e+000
 0.0000000e+000
 0.0000000e+000
 0.0000000e+000
 0.0000000e+000
 0.0000000e+000
 0.0000000e+000
 0.0000000e+000
 0.0000000e+000
 0.0000000e+000
 0.0000000e+000
 0.0000000e+000
 0.0000000e+000
 0.0000000e+000
 0.0000000e+000
 0.0000000e+000
 0.0000000e+000
 0.0000000e+000
 0.0000000e+000
 0.0000000e+000
 0.0000000e+000
 0.0000000e+000
 0.0000000e+000
 0.0000000e+000
 0.0000000e+000
 0.0000000e+000
 0.0000000e+000
 0.0000000e+000
 0.0000000e+000
 0.0000000e+000
 0.0000000e+000
 0.0000000e+000
 0.0000000e+000
 0.0000000e+000
 0.0000000e+000
 0.0000000e+000
 0.0000000e+000
 0.0000000e+000
 0.0000000e+000
 0.0000000e+000
 0.0000000e+000
 0.0000000e+000
 0.0000000e+000
 0.0000000e+000
 0.0000000e+000
 0.0000000e+000
 0.0000000e+000
 0.0000000e+000
 0.0000000e+000
 0.0000000e+000
 0.0000000e+000
 0.0000000e+000
 0.0000000e+000
 0.0000000e+000
 0.0000000e+000
 0.0000000e+000
 0.0000000e+000
 0.0000000e+000
 0.0000000e+000
 0.0000000e+000
 0.0000000e+000
 0.0000000e+000
 0.0000000e+000
 0.0000000e+000
 0.0000000e+000
 0.0000000e+000
 0.0000000e+000
 0.0000000e+000
 0.0000000e+000
 0.0000000e+000
 0.0000000e+000
 0.0000000e+000
 0.0000000e+000
 0.0000000e+000
 0.0000000e+000
 0.0000000e+000
 0.0000000e+000
 0.0000000e+000
 0.0000000e+000
 0.0000000e+000
 0.0000000e+000
 0.0000000e+000
 0.0000000e+000
 0.0000000e+000
 0.0000000e+000
 0.0000000e+000
 0.0000000e+000
 0.0000000e+000
 0.0000000e+000
 0.0000000e+000
 0.0000000e+000
 0.0000000e+000
 0.0000000e+000
 0.0000000e+000
 0.0000000e+000
 0.0000000e+000
 0.0000000e+000
 0.0000000e+000
 0.0000000e+000
 0.0000000e+000
 0.0000000e+000
 0.0000000e+000
 0.0000000e+000
 0.0000000e+000
 0.0000000e+000
 0.0000000e+000
 0.0000000e+000
 0.0000000e+000
 0.0000000e+000
 0.0000000e+000
 0.0000000e+000
 0.0000000e+000
 0.0000000e+000
 0.0000000e+000
 0.0000000e+000
 0.0000000e+000
 0.0000000e+000
 0.0000000e+000
 0.0000000e+000
 0.0000000e+000
 0.0000000e+000
 0.0000000e+000
 0.0000000e+000
 0.0000000e+000
 0.0000000e+000
 0.0000000e+000
 0.0000000e+000
 0.0000000e+000
 0.0000000e+000
 0.0000000e+000
 0.0000000e+000
 0.0000000e+000
 0.0000000e+000
 0.0000000e+000
 0.0000000e+000
 0.0000000e+000
 0.0000000e+000
 0.0000000e+000
 0.0000000e+000
 0.0000000e+000
 0.0000000e+000
 0.0000000e+000
 0.0000000e+000
 0.0000000e+000
 0.0000000e+000
 0.0000000e+000
 0.0000000e+000
 0.0000000e+000
 0.0000000e+000
 0.0000000e+000
 0.0000000e+000
 0.0000000e+000
 0.0000000e+000
 0.0000000e+000
 0.0000000e+000
 0.0000000e+000
 0.0000000e+000
 0.0000000e+000
 0.0000000e+000
 0.0000000e+000
 0.0000000e+000
 0.0000000e+000
 0.0000000e+000
 0.0000000e+000
 0.0000000e+000
 0.0000000e+000
 0.0000000e+000
 0.0000000e+000
 0.0000000e+000
 0.0000000e+000
 0.0000000e+000
 0.0000000e+000
 0.0000000e+000
 0.0000000e+000
 0.0000000e+000
 0.0000000e+000
 0.0000000e+000
 0.0000000e+000
 0.0000000e+000
 0.0000000e+000
 0.0000000e+000
 0.0000000e+000
 0.0000000e+000
 0.0000000e+000
 0.0000000e+000
 0.0000000e+000
 0.0000000e+000
 0.0000000e+000
 0.0000000e+000
 0.0000000e+000
 0.0000000e+000
 0.0000000e+000
 0.0000000e+000
 0.0000000e+000
 0.0000000e+000
 0.0000000e+000
 0.0000000e+000
 0.0000000e+000
 0.0000000e+000
 0.0000000e+000
 0.0000000e+000
 0.0000000e+000
 0.0000000e+000
 0.0000000e+000
 0.0000000e+000
 0.0000000e+000
 0.0000000e+000
 0.0000000e+000
 0.0000000e+000
 0.0000000e+000
 0.0000000e+000
 0.0000000e+000
 0.0000000e+000
 0.0000000e+000
 0.0000000e+000
 0.0000000e+000
 0.0000000e+000
 0.0000000e+000
 0.0000000e+000
 0.0000000e+000
 0.0000000e+000
 0.0000000e+000
 0.0000000e+000
 0.0000000e+000
 0.0000000e+000
 0.0000000e+000
 0.0000000e+000
 0.0000000e+000
 0.0000000e+000
 0.0000000e+000
 0.0000000e+000
 0.0000000e+000
 0.0000000e+000
 0.0000000e+000
 0.0000000e+000
 0.0000000e+000
 0.0000000e+000
 0.0000000e+000
 0.0000000e+000
 0.0000000e+000
 0.0000000e+000
 0.0000000e+000
 0.0000000e+000
 0.0000000e+000
 0.0000000e+000
 0.0000000e+000
 0.0000000e+000
 0.0000000e+000
 0.0000000e+000
 0.0000000e+000
 0.0000000e+000
 0.0000000e+000
 0.0000000e+000
 0.0000000e+000
 0.0000000e+000
 0.0000000e+000
 0.0000000e+000
 0.0000000e+000
 0.0000000e+000
 0.0000000e+000
 0.0000000e+000
 0.0000000e+000
 0.0000000e+000
 0.0000000e+000
 0.0000000e+000
 0.0000000e+000
 0.0000000e+000
 0.0000000e+000
 0.0000000e+000
 0.0000000e+000
 0.0000000e+000
 0.0000000e+000
 0.0000000e+000
 0.0000000e+000
 0.0000000e+000
 0.0000000e+000
 0.0000000e+000
 0.0000000e+000
 0.0000000e+000
 0.0000000e+000
 0.0000000e+000
 0.0000000e+000
 0.0000000e+000
 0.0000000e+000
 0.0000000e+000
 0.0000000e+000
 0.0000000e+000
 0.0000000e+000
 0.0000000e+000
 0.0000000e+000
 0.0000000e+000
 0.0000000e+000
 0.0000000e+000
 0.0000000e+000
 0.0000000e+000
 0.0000000e+000
 0.0000000e+000
 0.0000000e+000
 0.0000000e+000
 0.0000000e+000
 0.0000000e+000
 0.0000000e+000
 0.0000000e+000
 0.0000000e+000
 0.0000000e+000
 0.0000000e+000
 0.0000000e+000
 0.0000000e+000
 0.0000000e+000
 0.0000000e+000
 0.0000000e+000
 0.0000000e+000
 0.0000000e+000
 0.0000000e+000
 0.0000000e+000
 0.0000000e+000
 0.0000000e+000
 0.0000000e+000
 0.0000000e+000
 0.0000000e+000
 0.0000000e+000
 0.0000000e+000
 0.0000000e+000
 0.0000000e+000
 0.0000000e+000
 0.0000000e+000
 0.0000000e+000
 0.0000000e+000
 0.0000000e+000
 0.0000000e+000
 0.0000000e+000
 0.0000000e+000
 0.0000000e+000
 0.0000000e+000
 0.0000000e+000
 0.0000000e+000
 0.0000000e+000
 0.0000000e+000
 0.0000000e+000
 0.0000000e+000
 0.0000000e+000
 0.0000000e+000
 0.0000000e+000
 0.0000000e+000
 0.0000000e+000
 0.0000000e+000
 0.0000000e+000
 0.0000000e+000
 0.0000000e+000
 0.0000000e+000
 0.0000000e+000
 0.0000000e+000
 0.0000000e+000
 0.0000000e+000
 0.0000000e+000
 0.0000000e+000
 0.0000000e+000
 0.0000000e+000
 0.0000000e+000
 0.0000000e+000
 0.0000000e+000
 0.0000000e+000
 0.0000000e+000
 0.0000000e+000
 0.0000000e+000
 0.0000000e+000
 0.0000000e+000
 0.0000000e+000
 0.0000000e+000
 0.0000000e+000
 0.0000000e+000
 0.0000000e+000
 0.0000000e+000
 0.0000000e+000
 0.0000000e+000
 0.0000000e+000
 0.0000000e+000
 0.0000000e+000
 0.0000000e+000
 0.0000000e+000
 0.0000000e+000
 0.0000000e+000
 0.0000000e+000
 0.0000000e+000
 0.0000000e+000
 0.0000000e+000
 0.0000000e+000
 0.0000000e+000
 0.0000000e+000
 0.0000000e+000
 0.0000000e+000
 0.0000000e+000
 0.0000000e+000
 0.0000000e+000
 0.0000000e+000
 0.0000000e+000
 0.0000000e+000
 0.0000000e+000
 0.0000000e+000
 0.0000000e+000
 0.0000000e+000
 0.0000000e+000
 0.0000000e+000
 0.0000000e+000
 0.0000000e+000
 0.0000000e+000
 0.0000000e+000
 0.0000000e+000
 0.0000000e+000
 0.0000000e+000
 0.0000000e+000
 0.0000000e+000
 0.0000000e+000
 0.0000000e+000
 0.0000000e+000
 0.0000000e+000
 0.0000000e+000
 0.0000000e+000
 0.0000000e+000
 0.0000000e+000
 0.0000000e+000
 0.0000000e+000
 0.0000000e+000
 0.0000000e+000
 0.0000000e+000
 0.0000000e+000
 0.0000000e+000
 0.0000000e+000
 0.0000000e+000
 0.0000000e+000
 0.0000000e+000
 0.0000000e+000
 0.0000000e+000
 0.0000000e+000
 0.0000000e+000
 0.0000000e+000
 0.0000000e+000
 0.0000000e+000
 0.0000000e+000
 0.0000000e+000
 0.0000000e+000
 0.0000000e+000
 0.0000000e+000
 0.0000000e+000
 0.0000000e+000
 0.0000000e+000
 0.0000000e+000
 0.0000000e+000
 0.0000000e+000
 0.0000000e+000
 0.0000000e+000
 0.0000000e+000
 0.0000000e+000
 0.0000000e+000
 0.0000000e+000
 0.0000000e+000
 0.0000000e+000
 0.0000000e+000
 0.0000000e+000
 0.0000000e+000
 0.0000000e+000
 0.0000000e+000
 0.0000000e+000
 0.0000000e+000
 0.0000000e+000
 0.0000000e+000
 0.0000000e+000
 0.0000000e+000
 0.0000000e+000
 0.0000000e+000
 0.0000000e+000
 0.0000000e+000
 0.0000000e+000
 0.0000000e+000
 0.0000000e+000
 0.0000000e+000
 0.0000000e+000
 0.0000000e+000
 0.0000000e+000
 0.0000000e+000
 0.0000000e+000
 0.0000000e+000
 0.0000000e+000
 0.0000000e+000
 0.0000000e+000
 0.0000000e+000
 0.0000000e+000
 0.0000000e+000
 0.0000000e+000
 0.0000000e+000
 0.0000000e+000
 0.0000000e+000
 0.0000000e+000
 0.0000000e+000
 0.0000000e+000
 0.0000000e+000
 0.0000000e+000
 0.0000000e+000
 0.0000000e+000
 0.0000000e+000
 0.0000000e+000
 0.0000000e+000
 0.0000000e+000
 0.0000000e+000
 0.0000000e+000
 0.0000000e+000
 0.0000000e+000
 0.0000000e+000
 0.0000000e+000
 0.0000000e+000
 0.0000000e+000
 0.0000000e+000
 0.0000000e+000
 0.0000000e+000
 0.0000000e+000
 0.0000000e+000
 0.0000000e+000
 0.0000000e+000
 0.0000000e+000
 0.0000000e+000
 0.0000000e+000
 0.0000000e+000
 0.0000000e+000
 0.0000000e+000
 0.0000000e+000
 0.0000000e+000
 0.0000000e+000
 0.0000000e+000
 0.0000000e+000
 0.0000000e+000
 0.0000000e+000
 0.0000000e+000
 0.0000000e+000
 0.0000000e+000
 0.0000000e+000
 0.0000000e+000
 0.0000000e+000
 0.0000000e+000
 0.0000000e+000
 0.0000000e+000
 0.0000000e+000
 0.0000000e+000
 0.0000000e+000
 0.0000000e+000
 0.0000000e+000
 0.0000000e+000
 0.0000000e+000
 0.0000000e+000
 0.0000000e+000
 0.0000000e+000
 0.0000000e+000
 0.0000000e+000
 0.0000000e+000
 0.0000000e+000
 0.0000000e+000
 0.0000000e+000
 0.0000000e+000
 0.0000000e+000
 0.0000000e+000
 0.0000000e+000
 0.0000000e+000
 0.0000000e+000
 0.0000000e+000
 0.0000000e+000
 0.0000000e+000
 0.0000000e+000
 0.0000000e+000
 0.0000000e+000
 0.0000000e+000
 0.0000000e+000
 0.0000000e+000
 0.0000000e+000
 0.0000000e+000
 0.0000000e+000
 0.0000000e+000
 0.0000000e+000
 0.0000000e+000
 0.0000000e+000
 0.0000000e+000
 0.0000000e+000
 0.0000000e+000
 0.0000000e+000
 0.0000000e+000
 0.0000000e+000
 0.0000000e+000
 0.0000000e+000
 0.0000000e+000
 0.0000000e+000
 0.0000000e+000
 0.0000000e+000
 0.0000000e+000
 0.0000000e+000
 0.0000000e+000
 0.0000000e+000
 0.0000000e+000
 0.0000000e+000
 0.0000000e+000
 0.0000000e+000
 0.0000000e+000
 0.0000000e+000
 0.0000000e+000
 0.0000000e+000
 0.0000000e+000
 0.0000000e+000
 0.0000000e+000
 0.0000000e+000
 0.0000000e+000
 0.0000000e+000
 0.0000000e+000
 0.0000000e+000
 0.0000000e+000
 0.0000000e+000
 0.0000000e+000
 0.0000000e+000
 0.0000000e+000
 0.0000000e+000
 0.0000000e+000
 0.0000000e+000
 0.0000000e+000
 0.0000000e+000
 0.0000000e+000
 0.0000000e+000
 0.0000000e+000
 0.0000000e+000
 0.0000000e+000
 0.0000000e+000
 0.0000000e+000
 0.0000000e+000
 0.0000000e+000
 0.0000000e+000
 0.0000000e+000
 0.0000000e+000
 0.0000000e+000
 0.0000000e+000
 0.0000000e+000
 0.0000000e+000
 0.0000000e+000
 0.0000000e+000
 0.0000000e+000
 0.0000000e+000
 0.0000000e+000
 0.0000000e+000
 0.0000000e+000
 0.0000000e+000
 0.0000000e+000
 0.0000000e+000
 0.0000000e+000
 0.0000000e+000
 0.0000000e+000
 0.0000000e+000
 0.0000000e+000
 0.0000000e+000
 0.0000000e+000
 0.0000000e+000
 0.0000000e+000
 0.0000000e+000
 0.0000000e+000
 0.0000000e+000
 0.0000000e+000
 0.0000000e+000
 0.0000000e+000
 0.0000000e+000
 0.0000000e+000
 0.0000000e+000
 0.0000000e+000
 0.0000000e+000
 0.0000000e+000
 0.0000000e+000
 0.0000000e+000
 0.0000000e+000
 0.0000000e+000
 0.0000000e+000
 0.0000000e+000
 0.0000000e+000
 0.0000000e+000
 0.0000000e+000
 0.0000000e+000
 0.0000000e+000
 0.0000000e+000
 0.0000000e+000
 0.0000000e+000
 0.0000000e+000
 0.0000000e+000
 0.0000000e+000
 0.0000000e+000
 0.0000000e+000
 0.0000000e+000
 0.0000000e+000
 0.0000000e+000
 0.0000000e+000
 0.0000000e+000
 0.0000000e+000
 0.0000000e+000
 0.0000000e+000
 0.0000000e+000
 0.0000000e+000
 0.0000000e+000
 0.0000000e+000
 0.0000000e+000
 0.0000000e+000
 0.0000000e+000
 0.0000000e+000
 0.0000000e+000
 0.0000000e+000
 0.0000000e+000
 0.0000000e+000
 0.0000000e+000
 0.0000000e+000
 0.0000000e+000
 0.0000000e+000
 0.0000000e+000
 0.0000000e+000
 0.0000000e+000
 0.0000000e+000
 0.0000000e+000
 0.0000000e+000
 0.0000000e+000
 0.0000000e+000
 0.0000000e+000
 0.0000000e+000
 0.0000000e+000
 0.0000000e+000
 0.0000000e+000
 0.0000000e+000
 0.0000000e+000
 0.0000000e+000
 0.0000000e+000
 0.0000000e+000
 0.0000000e+000
 0.0000000e+000
 0.0000000e+000
 0.0000000e+000
 0.0000000e+000
 0.0000000e+000
 0.0000000e+000
 0.0000000e+000
 0.0000000e+000
 0.0000000e+000
 0.0000000e+000
 0.0000000e+000
 0.0000000e+000
 0.0000000e+000
 0.0000000e+000
 0.0000000e+000
 0.0000000e+000
 0.0000000e+000
 0.0000000e+000
 0.0000000e+000
 0.0000000e+000
 0.0000000e+000
 0.0000000e+000
 0.0000000e+000
 0.0000000e+000
 0.0000000e+000
 0.0000000e+000
 0.0000000e+000
 0.0000000e+000
 0.0000000e+000
 0.0000000e+000
 0.0000000e+000
 0.0000000e+000
 0.0000000e+000
 0.0000000e+000
 0.0000000e+000
 0.0000000e+000
 0.0000000e+000
 0.0000000e+000
 0.0000000e+000
 0.0000000e+000
 0.0000000e+000
 0.0000000e+000
 0.0000000e+000
 0.0000000e+000
 0.0000000e+000
 0.0000000e+000
 0.0000000e+000
 0.0000000e+000
 0.0000000e+000
 0.0000000e+000
 0.0000000e+000
 0.0000000e+000
 0.0000000e+000
 0.0000000e+000
 0.0000000e+000
 0.0000000e+000
 0.0000000e+000
 0.0000000e+000
 0.0000000e+000
 0.0000000e+000
 0.0000000e+000
 0.0000000e+000
 0.0000000e+000
 0.0000000e+000
 0.0000000e+000
 0.0000000e+000
 0.0000000e+000
 0.0000000e+000
 0.0000000e+000
 0.0000000e+000
 0.0000000e+000
 0.0000000e+000
 0.0000000e+000
 0.0000000e+000
 0.0000000e+000
 0.0000000e+000
 0.0000000e+000
 0.0000000e+000
 0.0000000e+000
 0.0000000e+000
 0.0000000e+000
 0.0000000e+000
 0.0000000e+000
 0.0000000e+000
 0.0000000e+000
 0.0000000e+000
 0.0000000e+000
 0.0000000e+000
 0.0000000e+000
 0.0000000e+000
 0.0000000e+000
 0.0000000e+000
 0.0000000e+000
 0.0000000e+000
 0.0000000e+000
 0.0000000e+000
 0.0000000e+000
 0.0000000e+000
 0.0000000e+000
 0.0000000e+000
 0.0000000e+000
 0.0000000e+000
 0.0000000e+000
 0.0000000e+000
 0.0000000e+000
 0.0000000e+000
 0.0000000e+000
 0.0000000e+000
 0.0000000e+000
 0.0000000e+000
 0.0000000e+000
 0.0000000e+000
 0.0000000e+000
 0.0000000e+000
 0.0000000e+000
 0.0000000e+000
 0.0000000e+000
 0.0000000e+000
 0.0000000e+000
 0.0000000e+000
 0.0000000e+000
 0.0000000e+000
 0.0000000e+000
 0.0000000e+000
 0.0000000e+000
 0.0000000e+000
 0.0000000e+000
 0.0000000e+000
 0.0000000e+000
 0.0000000e+000
 0.0000000e+000
 0.0000000e+000
 0.0000000e+000
 0.0000000e+000
 0.0000000e+000
 0.0000000e+000
 0.0000000e+000
 0.0000000e+000
 0.0000000e+000
 0.0000000e+000
 0.0000000e+000
 0.0000000e+000
 0.0000000e+000
 0.0000000e+000
 0.0000000e+000
 0.0000000e+000
 0.0000000e+000
 0.0000000e+000
 0.0000000e+000
 0.0000000e+000
 0.0000000e+000
 0.0000000e+000
 0.0000000e+000
 0.0000000e+000
 0.0000000e+000
 0.0000000e+000
 0.0000000e+000
 0.0000000e+000
 0.0000000e+000
 0.0000000e+000
 0.0000000e+000
 0.0000000e+000
 0.0000000e+000
 0.0000000e+000
 0.0000000e+000
 0.0000000e+000
 0.0000000e+000
 0.0000000e+000
 0.0000000e+000
 0.0000000e+000
 0.0000000e+000
 0.0000000e+000
 0.0000000e+000
 0.0000000e+000
 0.0000000e+000
 0.0000000e+000
 0.0000000e+000
 0.0000000e+000
 0.0000000e+000
 0.0000000e+000
 0.0000000e+000
 0.0000000e+000
 0.0000000e+000
 0.0000000e+000
 0.0000000e+000
 0.0000000e+000
 0.0000000e+000
 0.0000000e+000
 0.0000000e+000
 0.0000000e+000
 0.0000000e+000
 0.0000000e+000
 0.0000000e+000
 0.0000000e+000
 0.0000000e+000
 0.0000000e+000
 0.0000000e+000
 0.0000000e+000
 0.0000000e+000
 0.0000000e+000
 0.0000000e+000
 0.0000000e+000
 0.0000000e+000
 0.0000000e+000
 0.0000000e+000
 0.0000000e+000
 0.0000000e+000
 0.0000000e+000
 0.0000000e+000
 0.0000000e+000
 0.0000000e+000
 0.0000000e+000
 0.0000000e+000
 0.0000000e+000
 0.0000000e+000
 0.0000000e+000
 0.0000000e+000
 0.0000000e+000
 0.0000000e+000
 0.0000000e+000
 0.0000000e+000
 0.0000000e+000
 0.0000000e+000
 0.0000000e+000
 0.0000000e+000
 0.0000000e+000
 0.0000000e+000
 0.0000000e+000
 0.0000000e+000
 0.0000000e+000
 0.0000000e+000
 0.0000000e+000
 0.0000000e+000
 0.0000000e+000
 0.0000000e+000
 0.0000000e+000
 0.0000000e+000
 0.0000000e+000
 0.0000000e+000
 0.0000000e+000
 0.0000000e+000
 0.0000000e+000
 0.0000000e+000
 0.0000000e+000
 0.0000000e+000
 0.0000000e+000
 0.0000000e+000
 0.0000000e+000
 0.0000000e+000
 0.0000000e+000
 0.0000000e+000
 0.0000000e+000
 0.0000000e+000
 0.0000000e+000
 0.0000000e+000
 0.0000000e+000
 0.0000000e+000
 0.0000000e+000
 0.0000000e+000
 0.0000000e+000
 0.0000000e+000
 0.0000000e+000
 0.0000000e+000
 0.0000000e+000
 0.0000000e+000
 0.0000000e+000
 0.0000000e+000
 0.0000000e+000
 0.0000000e+000
 0.0000000e+000
 0.0000000e+000
 0.0000000e+000
 0.0000000e+000
 0.0000000e+000
 0.0000000e+000
 0.0000000e+000
 0.0000000e+000
 0.0000000e+000
 0.0000000e+000
 0.0000000e+000
 0.0000000e+000
 0.0000000e+000
 0.0000000e+000
 0.0000000e+000
 0.0000000e+000
 0.0000000e+000
 0.0000000e+000
 0.0000000e+000
 0.0000000e+000
 0.0000000e+000
 0.0000000e+000
 0.0000000e+000
 0.0000000e+000
 0.0000000e+000
 0.0000000e+000
 0.0000000e+000
 0.0000000e+000
 0.0000000e+000
 0.0000000e+000
 0.0000000e+000
 0.0000000e+000
 0.0000000e+000
 0.0000000e+000
 0.0000000e+000
 0.0000000e+000
 0.0000000e+000
 0.0000000e+000
 0.0000000e+000
 0.0000000e+000
 0.0000000e+000
 0.0000000e+000
 0.0000000e+000
 0.0000000e+000
 0.0000000e+000
 0.0000000e+000
 0.0000000e+000
 0.0000000e+000
 0.0000000e+000
 0.0000000e+000
 0.0000000e+000
 0.0000000e+000
 0.0000000e+000
 0.0000000e+000
 0.0000000e+000
 0.0000000e+000
 0.0000000e+000
 0.0000000e+000
 0.0000000e+000
 0.0000000e+000
 0.0000000e+000
 0.0000000e+000
 0.0000000e+000
 0.0000000e+000
 0.0000000e+000
 0.0000000e+000
 0.0000000e+000
 0.0000000e+000
 0.0000000e+000
 0.0000000e+000
 0.0000000e+000
 0.0000000e+000
 0.0000000e+000
 0.0000000e+000
 0.0000000e+000
 0.0000000e+000
 0.0000000e+000
 0.0000000e+000
 0.0000000e+000
 0.0000000e+000
 0.0000000e+000
 0.0000000e+000
 0.0000000e+000
 0.0000000e+000
 0.0000000e+000
