 S07LSAT8 Record=43: SRF Band 4 Landsat8 Red                 
 0.0000000e+000
 0.0000000e+000
 0.0000000e+000
 0.0000000e+000
 0.0000000e+000
 0.0000000e+000
 0.0000000e+000
 0.0000000e+000
 0.0000000e+000
 0.0000000e+000
 0.0000000e+000
 0.0000000e+000
 0.0000000e+000
 0.0000000e+000
 0.0000000e+000
 0.0000000e+000
 0.0000000e+000
 0.0000000e+000
 0.0000000e+000
 0.0000000e+000
 0.0000000e+000
 0.0000000e+000
 0.0000000e+000
 0.0000000e+000
 0.0000000e+000
 0.0000000e+000
 0.0000000e+000
 0.0000000e+000
 0.0000000e+000
 0.0000000e+000
 0.0000000e+000
 0.0000000e+000
 0.0000000e+000
 0.0000000e+000
 0.0000000e+000
 0.0000000e+000
 0.0000000e+000
 0.0000000e+000
 0.0000000e+000
 0.0000000e+000
 0.0000000e+000
 0.0000000e+000
 0.0000000e+000
 0.0000000e+000
 0.0000000e+000
 0.0000000e+000
 0.0000000e+000
 0.0000000e+000
 0.0000000e+000
 0.0000000e+000
 0.0000000e+000
 0.0000000e+000
 0.0000000e+000
 0.0000000e+000
 0.0000000e+000
 0.0000000e+000
 0.0000000e+000
 0.0000000e+000
 0.0000000e+000
 0.0000000e+000
 0.0000000e+000
 0.0000000e+000
 0.0000000e+000
 0.0000000e+000
 0.0000000e+000
 0.0000000e+000
 0.0000000e+000
 0.0000000e+000
 0.0000000e+000
 0.0000000e+000
 0.0000000e+000
 0.0000000e+000
 0.0000000e+000
 0.0000000e+000
 0.0000000e+000
 0.0000000e+000
 0.0000000e+000
 0.0000000e+000
 0.0000000e+000
 0.0000000e+000
 0.0000000e+000
 0.0000000e+000
 0.0000000e+000
 0.0000000e+000
 0.0000000e+000
 0.0000000e+000
 0.0000000e+000
 0.0000000e+000
 0.0000000e+000
 0.0000000e+000
 0.0000000e+000
 0.0000000e+000
 0.0000000e+000
 0.0000000e+000
 0.0000000e+000
 0.0000000e+000
 0.0000000e+000
 0.0000000e+000
 0.0000000e+000
 0.0000000e+000
 0.0000000e+000
 0.0000000e+000
 0.0000000e+000
 0.0000000e+000
 0.0000000e+000
 0.0000000e+000
 0.0000000e+000
 0.0000000e+000
 0.0000000e+000
 0.0000000e+000
 0.0000000e+000
 0.0000000e+000
 0.0000000e+000
 0.0000000e+000
 0.0000000e+000
 0.0000000e+000
 0.0000000e+000
 0.0000000e+000
 0.0000000e+000
 0.0000000e+000
 0.0000000e+000
 0.0000000e+000
 0.0000000e+000
 0.0000000e+000
 0.0000000e+000
 0.0000000e+000
 0.0000000e+000
 0.0000000e+000
 0.0000000e+000
 0.0000000e+000
 0.0000000e+000
 0.0000000e+000
 0.0000000e+000
 0.0000000e+000
 0.0000000e+000
 0.0000000e+000
 0.0000000e+000
 0.0000000e+000
 0.0000000e+000
 0.0000000e+000
 0.0000000e+000
 0.0000000e+000
 0.0000000e+000
 0.0000000e+000
 0.0000000e+000
 0.0000000e+000
 0.0000000e+000
 0.0000000e+000
 0.0000000e+000
 0.0000000e+000
 0.0000000e+000
 0.0000000e+000
 0.0000000e+000
 0.0000000e+000
 0.0000000e+000
 0.0000000e+000
 0.0000000e+000
 0.0000000e+000
 0.0000000e+000
 0.0000000e+000
 0.0000000e+000
 0.0000000e+000
 0.0000000e+000
 0.0000000e+000
 0.0000000e+000
 0.0000000e+000
 0.0000000e+000
 0.0000000e+000
 0.0000000e+000
 0.0000000e+000
 0.0000000e+000
 0.0000000e+000
 0.0000000e+000
 0.0000000e+000
 0.0000000e+000
 0.0000000e+000
 0.0000000e+000
 0.0000000e+000
 0.0000000e+000
 0.0000000e+000
 0.0000000e+000
 0.0000000e+000
 0.0000000e+000
 0.0000000e+000
 0.0000000e+000
 0.0000000e+000
 0.0000000e+000
 0.0000000e+000
 0.0000000e+000
 0.0000000e+000
 0.0000000e+000
 0.0000000e+000
 0.0000000e+000
 0.0000000e+000
 0.0000000e+000
 0.0000000e+000
 0.0000000e+000
 0.0000000e+000
 0.0000000e+000
 0.0000000e+000
 0.0000000e+000
 0.0000000e+000
 0.0000000e+000
 0.0000000e+000
 0.0000000e+000
-3.4200001e-004
 2.6999999e-004
 8.9500000e-004
 1.8500000e-003
 3.6480001e-003
 7.1970001e-003
 1.4515000e-002
 3.0432001e-002
 6.6861004e-002
 1.4851800e-001
 2.9977801e-001
 5.2681202e-001
 7.6444298e-001
 9.0547299e-001
 9.4794899e-001
 9.5082301e-001
 9.4741797e-001
 9.5183098e-001
 9.6270502e-001
 9.7507501e-001
 9.8417300e-001
 9.8361301e-001
 9.8343402e-001
 9.8291099e-001
 9.7363597e-001
 9.5944101e-001
 9.5564097e-001
 9.5554799e-001
 9.5333701e-001
 9.5662802e-001
 9.8168802e-001
 1.0000000e+000
 9.9238801e-001
 9.8461503e-001
 9.8156798e-001
 9.7696000e-001
 9.7298002e-001
 9.8108000e-001
 9.9680400e-001
 9.9214202e-001
 9.8067802e-001
 9.6400201e-001
 9.6215397e-001
 9.7077799e-001
 9.6718001e-001
 9.6692801e-001
 9.4992799e-001
 8.4885502e-001
 6.0935903e-001
 3.1635001e-001
 1.2394600e-001
 4.6032999e-002
 1.7702000e-002
 7.3330002e-003
 3.2050000e-003
 1.4020000e-003
 5.5400003e-004
 1.1700000e-004
-1.2200000e-004
-2.8899999e-004
-3.7600001e-004
-3.9599999e-004
-4.5799999e-004
-4.8799999e-004
-4.5699999e-004
-4.2900001e-004
-4.1700000e-004
 0.0000000e+000
 0.0000000e+000
 0.0000000e+000
 0.0000000e+000
 0.0000000e+000
 0.0000000e+000
 0.0000000e+000
 0.0000000e+000
 0.0000000e+000
 0.0000000e+000
 0.0000000e+000
 0.0000000e+000
 0.0000000e+000
 0.0000000e+000
 0.0000000e+000
 0.0000000e+000
 0.0000000e+000
 0.0000000e+000
 0.0000000e+000
 0.0000000e+000
 0.0000000e+000
 0.0000000e+000
 0.0000000e+000
 0.0000000e+000
 0.0000000e+000
 0.0000000e+000
 0.0000000e+000
 0.0000000e+000
 0.0000000e+000
 0.0000000e+000
 0.0000000e+000
 0.0000000e+000
 0.0000000e+000
 0.0000000e+000
 0.0000000e+000
 0.0000000e+000
 0.0000000e+000
 0.0000000e+000
 0.0000000e+000
 0.0000000e+000
 0.0000000e+000
 0.0000000e+000
 0.0000000e+000
 0.0000000e+000
 0.0000000e+000
 0.0000000e+000
 0.0000000e+000
 0.0000000e+000
 0.0000000e+000
 0.0000000e+000
 0.0000000e+000
 0.0000000e+000
 0.0000000e+000
 0.0000000e+000
 0.0000000e+000
 0.0000000e+000
 0.0000000e+000
 0.0000000e+000
 0.0000000e+000
 0.0000000e+000
 0.0000000e+000
 0.0000000e+000
 0.0000000e+000
 0.0000000e+000
 0.0000000e+000
 0.0000000e+000
 0.0000000e+000
 0.0000000e+000
 0.0000000e+000
 0.0000000e+000
 0.0000000e+000
 0.0000000e+000
 0.0000000e+000
 0.0000000e+000
 0.0000000e+000
 0.0000000e+000
 0.0000000e+000
 0.0000000e+000
 0.0000000e+000
 0.0000000e+000
 0.0000000e+000
 0.0000000e+000
 0.0000000e+000
 0.0000000e+000
 0.0000000e+000
 0.0000000e+000
 0.0000000e+000
 0.0000000e+000
 0.0000000e+000
 0.0000000e+000
 0.0000000e+000
 0.0000000e+000
 0.0000000e+000
 0.0000000e+000
 0.0000000e+000
 0.0000000e+000
 0.0000000e+000
 0.0000000e+000
 0.0000000e+000
 0.0000000e+000
 0.0000000e+000
 0.0000000e+000
 0.0000000e+000
 0.0000000e+000
 0.0000000e+000
 0.0000000e+000
 0.0000000e+000
 0.0000000e+000
 0.0000000e+000
 0.0000000e+000
 0.0000000e+000
 0.0000000e+000
 0.0000000e+000
 0.0000000e+000
 0.0000000e+000
 0.0000000e+000
 0.0000000e+000
 0.0000000e+000
 0.0000000e+000
 0.0000000e+000
 0.0000000e+000
 0.0000000e+000
 0.0000000e+000
 0.0000000e+000
 0.0000000e+000
 0.0000000e+000
 0.0000000e+000
 0.0000000e+000
 0.0000000e+000
 0.0000000e+000
 0.0000000e+000
 0.0000000e+000
 0.0000000e+000
 0.0000000e+000
 0.0000000e+000
 0.0000000e+000
 0.0000000e+000
 0.0000000e+000
 0.0000000e+000
 0.0000000e+000
 0.0000000e+000
 0.0000000e+000
 0.0000000e+000
 0.0000000e+000
 0.0000000e+000
 0.0000000e+000
 0.0000000e+000
 0.0000000e+000
 0.0000000e+000
 0.0000000e+000
 0.0000000e+000
 0.0000000e+000
 0.0000000e+000
 0.0000000e+000
 0.0000000e+000
 0.0000000e+000
 0.0000000e+000
 0.0000000e+000
 0.0000000e+000
 0.0000000e+000
 0.0000000e+000
 0.0000000e+000
 0.0000000e+000
 0.0000000e+000
 0.0000000e+000
 0.0000000e+000
 0.0000000e+000
 0.0000000e+000
 0.0000000e+000
 0.0000000e+000
 0.0000000e+000
 0.0000000e+000
 0.0000000e+000
 0.0000000e+000
 0.0000000e+000
 0.0000000e+000
 0.0000000e+000
 0.0000000e+000
 0.0000000e+000
 0.0000000e+000
 0.0000000e+000
 0.0000000e+000
 0.0000000e+000
 0.0000000e+000
 0.0000000e+000
 0.0000000e+000
 0.0000000e+000
 0.0000000e+000
 0.0000000e+000
 0.0000000e+000
 0.0000000e+000
 0.0000000e+000
 0.0000000e+000
 0.0000000e+000
 0.0000000e+000
 0.0000000e+000
 0.0000000e+000
 0.0000000e+000
 0.0000000e+000
 0.0000000e+000
 0.0000000e+000
 0.0000000e+000
 0.0000000e+000
 0.0000000e+000
 0.0000000e+000
 0.0000000e+000
 0.0000000e+000
 0.0000000e+000
 0.0000000e+000
 0.0000000e+000
 0.0000000e+000
 0.0000000e+000
 0.0000000e+000
 0.0000000e+000
 0.0000000e+000
 0.0000000e+000
 0.0000000e+000
 0.0000000e+000
 0.0000000e+000
 0.0000000e+000
 0.0000000e+000
 0.0000000e+000
 0.0000000e+000
 0.0000000e+000
 0.0000000e+000
 0.0000000e+000
 0.0000000e+000
 0.0000000e+000
 0.0000000e+000
 0.0000000e+000
 0.0000000e+000
 0.0000000e+000
 0.0000000e+000
 0.0000000e+000
 0.0000000e+000
 0.0000000e+000
 0.0000000e+000
 0.0000000e+000
 0.0000000e+000
 0.0000000e+000
 0.0000000e+000
 0.0000000e+000
 0.0000000e+000
 0.0000000e+000
 0.0000000e+000
 0.0000000e+000
 0.0000000e+000
 0.0000000e+000
 0.0000000e+000
 0.0000000e+000
 0.0000000e+000
 0.0000000e+000
 0.0000000e+000
 0.0000000e+000
 0.0000000e+000
 0.0000000e+000
 0.0000000e+000
 0.0000000e+000
 0.0000000e+000
 0.0000000e+000
 0.0000000e+000
 0.0000000e+000
 0.0000000e+000
 0.0000000e+000
 0.0000000e+000
 0.0000000e+000
 0.0000000e+000
 0.0000000e+000
 0.0000000e+000
 0.0000000e+000
 0.0000000e+000
 0.0000000e+000
 0.0000000e+000
 0.0000000e+000
 0.0000000e+000
 0.0000000e+000
 0.0000000e+000
 0.0000000e+000
 0.0000000e+000
 0.0000000e+000
 0.0000000e+000
 0.0000000e+000
 0.0000000e+000
 0.0000000e+000
 0.0000000e+000
 0.0000000e+000
 0.0000000e+000
 0.0000000e+000
 0.0000000e+000
 0.0000000e+000
 0.0000000e+000
 0.0000000e+000
 0.0000000e+000
 0.0000000e+000
 0.0000000e+000
 0.0000000e+000
 0.0000000e+000
 0.0000000e+000
 0.0000000e+000
 0.0000000e+000
 0.0000000e+000
 0.0000000e+000
 0.0000000e+000
 0.0000000e+000
 0.0000000e+000
 0.0000000e+000
 0.0000000e+000
 0.0000000e+000
 0.0000000e+000
 0.0000000e+000
 0.0000000e+000
 0.0000000e+000
 0.0000000e+000
 0.0000000e+000
 0.0000000e+000
 0.0000000e+000
 0.0000000e+000
 0.0000000e+000
 0.0000000e+000
 0.0000000e+000
 0.0000000e+000
 0.0000000e+000
 0.0000000e+000
 0.0000000e+000
 0.0000000e+000
 0.0000000e+000
 0.0000000e+000
 0.0000000e+000
 0.0000000e+000
 0.0000000e+000
 0.0000000e+000
 0.0000000e+000
 0.0000000e+000
 0.0000000e+000
 0.0000000e+000
 0.0000000e+000
 0.0000000e+000
 0.0000000e+000
 0.0000000e+000
 0.0000000e+000
 0.0000000e+000
 0.0000000e+000
 0.0000000e+000
 0.0000000e+000
 0.0000000e+000
 0.0000000e+000
 0.0000000e+000
 0.0000000e+000
 0.0000000e+000
 0.0000000e+000
 0.0000000e+000
 0.0000000e+000
 0.0000000e+000
 0.0000000e+000
 0.0000000e+000
 0.0000000e+000
 0.0000000e+000
 0.0000000e+000
 0.0000000e+000
 0.0000000e+000
 0.0000000e+000
 0.0000000e+000
 0.0000000e+000
 0.0000000e+000
 0.0000000e+000
 0.0000000e+000
 0.0000000e+000
 0.0000000e+000
 0.0000000e+000
 0.0000000e+000
 0.0000000e+000
 0.0000000e+000
 0.0000000e+000
 0.0000000e+000
 0.0000000e+000
 0.0000000e+000
 0.0000000e+000
 0.0000000e+000
 0.0000000e+000
 0.0000000e+000
 0.0000000e+000
 0.0000000e+000
 0.0000000e+000
 0.0000000e+000
 0.0000000e+000
 0.0000000e+000
 0.0000000e+000
 0.0000000e+000
 0.0000000e+000
 0.0000000e+000
 0.0000000e+000
 0.0000000e+000
 0.0000000e+000
 0.0000000e+000
 0.0000000e+000
 0.0000000e+000
 0.0000000e+000
 0.0000000e+000
 0.0000000e+000
 0.0000000e+000
 0.0000000e+000
 0.0000000e+000
 0.0000000e+000
 0.0000000e+000
 0.0000000e+000
 0.0000000e+000
 0.0000000e+000
 0.0000000e+000
 0.0000000e+000
 0.0000000e+000
 0.0000000e+000
 0.0000000e+000
 0.0000000e+000
 0.0000000e+000
 0.0000000e+000
 0.0000000e+000
 0.0000000e+000
 0.0000000e+000
 0.0000000e+000
 0.0000000e+000
 0.0000000e+000
 0.0000000e+000
 0.0000000e+000
 0.0000000e+000
 0.0000000e+000
 0.0000000e+000
 0.0000000e+000
 0.0000000e+000
 0.0000000e+000
 0.0000000e+000
 0.0000000e+000
 0.0000000e+000
 0.0000000e+000
 0.0000000e+000
 0.0000000e+000
 0.0000000e+000
 0.0000000e+000
 0.0000000e+000
 0.0000000e+000
 0.0000000e+000
 0.0000000e+000
 0.0000000e+000
 0.0000000e+000
 0.0000000e+000
 0.0000000e+000
 0.0000000e+000
 0.0000000e+000
 0.0000000e+000
 0.0000000e+000
 0.0000000e+000
 0.0000000e+000
 0.0000000e+000
 0.0000000e+000
 0.0000000e+000
 0.0000000e+000
 0.0000000e+000
 0.0000000e+000
 0.0000000e+000
 0.0000000e+000
 0.0000000e+000
 0.0000000e+000
 0.0000000e+000
 0.0000000e+000
 0.0000000e+000
 0.0000000e+000
 0.0000000e+000
 0.0000000e+000
 0.0000000e+000
 0.0000000e+000
 0.0000000e+000
 0.0000000e+000
 0.0000000e+000
 0.0000000e+000
 0.0000000e+000
 0.0000000e+000
 0.0000000e+000
 0.0000000e+000
 0.0000000e+000
 0.0000000e+000
 0.0000000e+000
 0.0000000e+000
 0.0000000e+000
 0.0000000e+000
 0.0000000e+000
 0.0000000e+000
 0.0000000e+000
 0.0000000e+000
 0.0000000e+000
 0.0000000e+000
 0.0000000e+000
 0.0000000e+000
 0.0000000e+000
 0.0000000e+000
 0.0000000e+000
 0.0000000e+000
 0.0000000e+000
 0.0000000e+000
 0.0000000e+000
 0.0000000e+000
 0.0000000e+000
 0.0000000e+000
 0.0000000e+000
 0.0000000e+000
 0.0000000e+000
 0.0000000e+000
 0.0000000e+000
 0.0000000e+000
 0.0000000e+000
 0.0000000e+000
 0.0000000e+000
 0.0000000e+000
 0.0000000e+000
 0.0000000e+000
 0.0000000e+000
 0.0000000e+000
 0.0000000e+000
 0.0000000e+000
 0.0000000e+000
 0.0000000e+000
 0.0000000e+000
 0.0000000e+000
 0.0000000e+000
 0.0000000e+000
 0.0000000e+000
 0.0000000e+000
 0.0000000e+000
 0.0000000e+000
 0.0000000e+000
 0.0000000e+000
 0.0000000e+000
 0.0000000e+000
 0.0000000e+000
 0.0000000e+000
 0.0000000e+000
 0.0000000e+000
 0.0000000e+000
 0.0000000e+000
 0.0000000e+000
 0.0000000e+000
 0.0000000e+000
 0.0000000e+000
 0.0000000e+000
 0.0000000e+000
 0.0000000e+000
 0.0000000e+000
 0.0000000e+000
 0.0000000e+000
 0.0000000e+000
 0.0000000e+000
 0.0000000e+000
 0.0000000e+000
 0.0000000e+000
 0.0000000e+000
 0.0000000e+000
 0.0000000e+000
 0.0000000e+000
 0.0000000e+000
 0.0000000e+000
 0.0000000e+000
 0.0000000e+000
 0.0000000e+000
 0.0000000e+000
 0.0000000e+000
 0.0000000e+000
 0.0000000e+000
 0.0000000e+000
 0.0000000e+000
 0.0000000e+000
 0.0000000e+000
 0.0000000e+000
 0.0000000e+000
 0.0000000e+000
 0.0000000e+000
 0.0000000e+000
 0.0000000e+000
 0.0000000e+000
 0.0000000e+000
 0.0000000e+000
 0.0000000e+000
 0.0000000e+000
 0.0000000e+000
 0.0000000e+000
 0.0000000e+000
 0.0000000e+000
 0.0000000e+000
 0.0000000e+000
 0.0000000e+000
 0.0000000e+000
 0.0000000e+000
 0.0000000e+000
 0.0000000e+000
 0.0000000e+000
 0.0000000e+000
 0.0000000e+000
 0.0000000e+000
 0.0000000e+000
 0.0000000e+000
 0.0000000e+000
 0.0000000e+000
 0.0000000e+000
 0.0000000e+000
 0.0000000e+000
 0.0000000e+000
 0.0000000e+000
 0.0000000e+000
 0.0000000e+000
 0.0000000e+000
 0.0000000e+000
 0.0000000e+000
 0.0000000e+000
 0.0000000e+000
 0.0000000e+000
 0.0000000e+000
 0.0000000e+000
 0.0000000e+000
 0.0000000e+000
 0.0000000e+000
 0.0000000e+000
 0.0000000e+000
 0.0000000e+000
 0.0000000e+000
 0.0000000e+000
 0.0000000e+000
 0.0000000e+000
 0.0000000e+000
 0.0000000e+000
 0.0000000e+000
 0.0000000e+000
 0.0000000e+000
 0.0000000e+000
 0.0000000e+000
 0.0000000e+000
 0.0000000e+000
 0.0000000e+000
 0.0000000e+000
 0.0000000e+000
 0.0000000e+000
 0.0000000e+000
 0.0000000e+000
 0.0000000e+000
 0.0000000e+000
 0.0000000e+000
 0.0000000e+000
 0.0000000e+000
 0.0000000e+000
 0.0000000e+000
 0.0000000e+000
 0.0000000e+000
 0.0000000e+000
 0.0000000e+000
 0.0000000e+000
 0.0000000e+000
 0.0000000e+000
 0.0000000e+000
 0.0000000e+000
 0.0000000e+000
 0.0000000e+000
 0.0000000e+000
 0.0000000e+000
 0.0000000e+000
 0.0000000e+000
 0.0000000e+000
 0.0000000e+000
 0.0000000e+000
 0.0000000e+000
 0.0000000e+000
 0.0000000e+000
 0.0000000e+000
 0.0000000e+000
 0.0000000e+000
 0.0000000e+000
 0.0000000e+000
 0.0000000e+000
 0.0000000e+000
 0.0000000e+000
 0.0000000e+000
 0.0000000e+000
 0.0000000e+000
 0.0000000e+000
 0.0000000e+000
 0.0000000e+000
 0.0000000e+000
 0.0000000e+000
 0.0000000e+000
 0.0000000e+000
 0.0000000e+000
 0.0000000e+000
 0.0000000e+000
 0.0000000e+000
 0.0000000e+000
 0.0000000e+000
 0.0000000e+000
 0.0000000e+000
 0.0000000e+000
 0.0000000e+000
 0.0000000e+000
 0.0000000e+000
 0.0000000e+000
 0.0000000e+000
 0.0000000e+000
 0.0000000e+000
 0.0000000e+000
 0.0000000e+000
 0.0000000e+000
 0.0000000e+000
 0.0000000e+000
 0.0000000e+000
 0.0000000e+000
 0.0000000e+000
 0.0000000e+000
 0.0000000e+000
 0.0000000e+000
 0.0000000e+000
 0.0000000e+000
 0.0000000e+000
 0.0000000e+000
 0.0000000e+000
 0.0000000e+000
 0.0000000e+000
 0.0000000e+000
 0.0000000e+000
 0.0000000e+000
 0.0000000e+000
 0.0000000e+000
 0.0000000e+000
 0.0000000e+000
 0.0000000e+000
 0.0000000e+000
 0.0000000e+000
 0.0000000e+000
 0.0000000e+000
 0.0000000e+000
 0.0000000e+000
 0.0000000e+000
 0.0000000e+000
 0.0000000e+000
 0.0000000e+000
 0.0000000e+000
 0.0000000e+000
 0.0000000e+000
 0.0000000e+000
 0.0000000e+000
 0.0000000e+000
 0.0000000e+000
 0.0000000e+000
 0.0000000e+000
 0.0000000e+000
 0.0000000e+000
 0.0000000e+000
 0.0000000e+000
 0.0000000e+000
 0.0000000e+000
 0.0000000e+000
 0.0000000e+000
 0.0000000e+000
 0.0000000e+000
 0.0000000e+000
 0.0000000e+000
 0.0000000e+000
 0.0000000e+000
 0.0000000e+000
 0.0000000e+000
 0.0000000e+000
 0.0000000e+000
 0.0000000e+000
 0.0000000e+000
 0.0000000e+000
 0.0000000e+000
 0.0000000e+000
 0.0000000e+000
 0.0000000e+000
 0.0000000e+000
 0.0000000e+000
 0.0000000e+000
 0.0000000e+000
 0.0000000e+000
 0.0000000e+000
 0.0000000e+000
 0.0000000e+000
 0.0000000e+000
 0.0000000e+000
 0.0000000e+000
 0.0000000e+000
 0.0000000e+000
 0.0000000e+000
 0.0000000e+000
 0.0000000e+000
 0.0000000e+000
 0.0000000e+000
 0.0000000e+000
 0.0000000e+000
 0.0000000e+000
 0.0000000e+000
 0.0000000e+000
 0.0000000e+000
 0.0000000e+000
 0.0000000e+000
 0.0000000e+000
 0.0000000e+000
 0.0000000e+000
 0.0000000e+000
 0.0000000e+000
 0.0000000e+000
 0.0000000e+000
 0.0000000e+000
 0.0000000e+000
 0.0000000e+000
 0.0000000e+000
 0.0000000e+000
 0.0000000e+000
 0.0000000e+000
 0.0000000e+000
 0.0000000e+000
 0.0000000e+000
 0.0000000e+000
 0.0000000e+000
 0.0000000e+000
 0.0000000e+000
 0.0000000e+000
 0.0000000e+000
 0.0000000e+000
 0.0000000e+000
 0.0000000e+000
 0.0000000e+000
 0.0000000e+000
 0.0000000e+000
 0.0000000e+000
 0.0000000e+000
 0.0000000e+000
 0.0000000e+000
 0.0000000e+000
 0.0000000e+000
 0.0000000e+000
 0.0000000e+000
 0.0000000e+000
 0.0000000e+000
 0.0000000e+000
 0.0000000e+000
 0.0000000e+000
 0.0000000e+000
 0.0000000e+000
 0.0000000e+000
 0.0000000e+000
 0.0000000e+000
 0.0000000e+000
 0.0000000e+000
 0.0000000e+000
 0.0000000e+000
 0.0000000e+000
 0.0000000e+000
 0.0000000e+000
 0.0000000e+000
 0.0000000e+000
 0.0000000e+000
 0.0000000e+000
 0.0000000e+000
 0.0000000e+000
 0.0000000e+000
 0.0000000e+000
 0.0000000e+000
 0.0000000e+000
 0.0000000e+000
 0.0000000e+000
 0.0000000e+000
 0.0000000e+000
 0.0000000e+000
 0.0000000e+000
 0.0000000e+000
 0.0000000e+000
 0.0000000e+000
 0.0000000e+000
 0.0000000e+000
 0.0000000e+000
 0.0000000e+000
 0.0000000e+000
 0.0000000e+000
 0.0000000e+000
 0.0000000e+000
 0.0000000e+000
 0.0000000e+000
 0.0000000e+000
 0.0000000e+000
 0.0000000e+000
 0.0000000e+000
 0.0000000e+000
 0.0000000e+000
 0.0000000e+000
 0.0000000e+000
 0.0000000e+000
 0.0000000e+000
 0.0000000e+000
 0.0000000e+000
 0.0000000e+000
 0.0000000e+000
 0.0000000e+000
 0.0000000e+000
 0.0000000e+000
 0.0000000e+000
 0.0000000e+000
 0.0000000e+000
 0.0000000e+000
 0.0000000e+000
 0.0000000e+000
 0.0000000e+000
 0.0000000e+000
 0.0000000e+000
 0.0000000e+000
 0.0000000e+000
 0.0000000e+000
 0.0000000e+000
 0.0000000e+000
 0.0000000e+000
 0.0000000e+000
 0.0000000e+000
 0.0000000e+000
 0.0000000e+000
 0.0000000e+000
 0.0000000e+000
 0.0000000e+000
 0.0000000e+000
 0.0000000e+000
 0.0000000e+000
 0.0000000e+000
 0.0000000e+000
 0.0000000e+000
 0.0000000e+000
 0.0000000e+000
 0.0000000e+000
 0.0000000e+000
 0.0000000e+000
 0.0000000e+000
 0.0000000e+000
 0.0000000e+000
 0.0000000e+000
 0.0000000e+000
 0.0000000e+000
 0.0000000e+000
 0.0000000e+000
 0.0000000e+000
 0.0000000e+000
 0.0000000e+000
 0.0000000e+000
 0.0000000e+000
 0.0000000e+000
 0.0000000e+000
 0.0000000e+000
 0.0000000e+000
 0.0000000e+000
 0.0000000e+000
 0.0000000e+000
 0.0000000e+000
 0.0000000e+000
 0.0000000e+000
 0.0000000e+000
 0.0000000e+000
 0.0000000e+000
 0.0000000e+000
 0.0000000e+000
 0.0000000e+000
 0.0000000e+000
 0.0000000e+000
 0.0000000e+000
 0.0000000e+000
 0.0000000e+000
 0.0000000e+000
 0.0000000e+000
 0.0000000e+000
 0.0000000e+000
 0.0000000e+000
 0.0000000e+000
 0.0000000e+000
 0.0000000e+000
 0.0000000e+000
 0.0000000e+000
 0.0000000e+000
 0.0000000e+000
 0.0000000e+000
 0.0000000e+000
 0.0000000e+000
 0.0000000e+000
 0.0000000e+000
 0.0000000e+000
 0.0000000e+000
 0.0000000e+000
 0.0000000e+000
 0.0000000e+000
 0.0000000e+000
 0.0000000e+000
 0.0000000e+000
 0.0000000e+000
 0.0000000e+000
 0.0000000e+000
 0.0000000e+000
 0.0000000e+000
 0.0000000e+000
 0.0000000e+000
 0.0000000e+000
 0.0000000e+000
 0.0000000e+000
 0.0000000e+000
 0.0000000e+000
 0.0000000e+000
 0.0000000e+000
 0.0000000e+000
 0.0000000e+000
 0.0000000e+000
 0.0000000e+000
 0.0000000e+000
 0.0000000e+000
 0.0000000e+000
 0.0000000e+000
 0.0000000e+000
 0.0000000e+000
 0.0000000e+000
 0.0000000e+000
 0.0000000e+000
 0.0000000e+000
 0.0000000e+000
 0.0000000e+000
 0.0000000e+000
 0.0000000e+000
 0.0000000e+000
 0.0000000e+000
 0.0000000e+000
 0.0000000e+000
 0.0000000e+000
 0.0000000e+000
 0.0000000e+000
 0.0000000e+000
 0.0000000e+000
 0.0000000e+000
 0.0000000e+000
 0.0000000e+000
 0.0000000e+000
 0.0000000e+000
 0.0000000e+000
 0.0000000e+000
 0.0000000e+000
 0.0000000e+000
 0.0000000e+000
 0.0000000e+000
 0.0000000e+000
 0.0000000e+000
 0.0000000e+000
 0.0000000e+000
 0.0000000e+000
 0.0000000e+000
 0.0000000e+000
 0.0000000e+000
 0.0000000e+000
 0.0000000e+000
 0.0000000e+000
 0.0000000e+000
 0.0000000e+000
 0.0000000e+000
 0.0000000e+000
 0.0000000e+000
 0.0000000e+000
 0.0000000e+000
 0.0000000e+000
 0.0000000e+000
 0.0000000e+000
 0.0000000e+000
 0.0000000e+000
 0.0000000e+000
 0.0000000e+000
 0.0000000e+000
 0.0000000e+000
 0.0000000e+000
 0.0000000e+000
 0.0000000e+000
 0.0000000e+000
 0.0000000e+000
 0.0000000e+000
 0.0000000e+000
 0.0000000e+000
 0.0000000e+000
 0.0000000e+000
 0.0000000e+000
 0.0000000e+000
 0.0000000e+000
 0.0000000e+000
 0.0000000e+000
 0.0000000e+000
 0.0000000e+000
 0.0000000e+000
 0.0000000e+000
 0.0000000e+000
 0.0000000e+000
 0.0000000e+000
 0.0000000e+000
 0.0000000e+000
 0.0000000e+000
 0.0000000e+000
 0.0000000e+000
 0.0000000e+000
 0.0000000e+000
 0.0000000e+000
 0.0000000e+000
 0.0000000e+000
 0.0000000e+000
 0.0000000e+000
 0.0000000e+000
 0.0000000e+000
 0.0000000e+000
 0.0000000e+000
 0.0000000e+000
 0.0000000e+000
 0.0000000e+000
 0.0000000e+000
 0.0000000e+000
 0.0000000e+000
 0.0000000e+000
 0.0000000e+000
 0.0000000e+000
 0.0000000e+000
 0.0000000e+000
 0.0000000e+000
 0.0000000e+000
 0.0000000e+000
 0.0000000e+000
 0.0000000e+000
 0.0000000e+000
 0.0000000e+000
 0.0000000e+000
 0.0000000e+000
 0.0000000e+000
 0.0000000e+000
 0.0000000e+000
 0.0000000e+000
 0.0000000e+000
 0.0000000e+000
 0.0000000e+000
 0.0000000e+000
 0.0000000e+000
 0.0000000e+000
 0.0000000e+000
 0.0000000e+000
 0.0000000e+000
 0.0000000e+000
 0.0000000e+000
 0.0000000e+000
 0.0000000e+000
 0.0000000e+000
 0.0000000e+000
 0.0000000e+000
 0.0000000e+000
 0.0000000e+000
 0.0000000e+000
 0.0000000e+000
 0.0000000e+000
 0.0000000e+000
 0.0000000e+000
 0.0000000e+000
 0.0000000e+000
 0.0000000e+000
 0.0000000e+000
 0.0000000e+000
 0.0000000e+000
 0.0000000e+000
 0.0000000e+000
 0.0000000e+000
 0.0000000e+000
 0.0000000e+000
 0.0000000e+000
 0.0000000e+000
 0.0000000e+000
 0.0000000e+000
 0.0000000e+000
 0.0000000e+000
 0.0000000e+000
 0.0000000e+000
 0.0000000e+000
 0.0000000e+000
 0.0000000e+000
 0.0000000e+000
 0.0000000e+000
 0.0000000e+000
 0.0000000e+000
 0.0000000e+000
 0.0000000e+000
 0.0000000e+000
 0.0000000e+000
 0.0000000e+000
 0.0000000e+000
 0.0000000e+000
 0.0000000e+000
 0.0000000e+000
 0.0000000e+000
 0.0000000e+000
 0.0000000e+000
 0.0000000e+000
 0.0000000e+000
 0.0000000e+000
 0.0000000e+000
 0.0000000e+000
 0.0000000e+000
 0.0000000e+000
 0.0000000e+000
 0.0000000e+000
 0.0000000e+000
 0.0000000e+000
 0.0000000e+000
 0.0000000e+000
 0.0000000e+000
 0.0000000e+000
 0.0000000e+000
 0.0000000e+000
 0.0000000e+000
 0.0000000e+000
 0.0000000e+000
 0.0000000e+000
 0.0000000e+000
 0.0000000e+000
 0.0000000e+000
 0.0000000e+000
 0.0000000e+000
 0.0000000e+000
 0.0000000e+000
 0.0000000e+000
 0.0000000e+000
 0.0000000e+000
 0.0000000e+000
 0.0000000e+000
 0.0000000e+000
 0.0000000e+000
 0.0000000e+000
 0.0000000e+000
 0.0000000e+000
 0.0000000e+000
 0.0000000e+000
 0.0000000e+000
 0.0000000e+000
 0.0000000e+000
 0.0000000e+000
 0.0000000e+000
 0.0000000e+000
 0.0000000e+000
 0.0000000e+000
 0.0000000e+000
 0.0000000e+000
 0.0000000e+000
 0.0000000e+000
 0.0000000e+000
 0.0000000e+000
 0.0000000e+000
 0.0000000e+000
 0.0000000e+000
 0.0000000e+000
 0.0000000e+000
 0.0000000e+000
 0.0000000e+000
 0.0000000e+000
 0.0000000e+000
 0.0000000e+000
 0.0000000e+000
 0.0000000e+000
 0.0000000e+000
 0.0000000e+000
 0.0000000e+000
 0.0000000e+000
 0.0000000e+000
 0.0000000e+000
 0.0000000e+000
 0.0000000e+000
 0.0000000e+000
 0.0000000e+000
 0.0000000e+000
 0.0000000e+000
 0.0000000e+000
 0.0000000e+000
 0.0000000e+000
 0.0000000e+000
 0.0000000e+000
 0.0000000e+000
 0.0000000e+000
 0.0000000e+000
 0.0000000e+000
 0.0000000e+000
 0.0000000e+000
 0.0000000e+000
 0.0000000e+000
 0.0000000e+000
 0.0000000e+000
 0.0000000e+000
 0.0000000e+000
 0.0000000e+000
 0.0000000e+000
 0.0000000e+000
 0.0000000e+000
 0.0000000e+000
 0.0000000e+000
 0.0000000e+000
 0.0000000e+000
 0.0000000e+000
 0.0000000e+000
 0.0000000e+000
 0.0000000e+000
 0.0000000e+000
 0.0000000e+000
 0.0000000e+000
 0.0000000e+000
 0.0000000e+000
 0.0000000e+000
 0.0000000e+000
 0.0000000e+000
 0.0000000e+000
 0.0000000e+000
 0.0000000e+000
 0.0000000e+000
 0.0000000e+000
 0.0000000e+000
 0.0000000e+000
 0.0000000e+000
 0.0000000e+000
 0.0000000e+000
 0.0000000e+000
 0.0000000e+000
 0.0000000e+000
 0.0000000e+000
 0.0000000e+000
 0.0000000e+000
 0.0000000e+000
 0.0000000e+000
 0.0000000e+000
 0.0000000e+000
 0.0000000e+000
 0.0000000e+000
 0.0000000e+000
 0.0000000e+000
 0.0000000e+000
 0.0000000e+000
 0.0000000e+000
 0.0000000e+000
 0.0000000e+000
 0.0000000e+000
 0.0000000e+000
 0.0000000e+000
 0.0000000e+000
 0.0000000e+000
 0.0000000e+000
 0.0000000e+000
 0.0000000e+000
 0.0000000e+000
 0.0000000e+000
 0.0000000e+000
 0.0000000e+000
 0.0000000e+000
 0.0000000e+000
 0.0000000e+000
 0.0000000e+000
 0.0000000e+000
 0.0000000e+000
 0.0000000e+000
 0.0000000e+000
 0.0000000e+000
 0.0000000e+000
 0.0000000e+000
 0.0000000e+000
 0.0000000e+000
 0.0000000e+000
 0.0000000e+000
 0.0000000e+000
 0.0000000e+000
 0.0000000e+000
 0.0000000e+000
 0.0000000e+000
 0.0000000e+000
 0.0000000e+000
 0.0000000e+000
 0.0000000e+000
 0.0000000e+000
 0.0000000e+000
 0.0000000e+000
 0.0000000e+000
 0.0000000e+000
 0.0000000e+000
 0.0000000e+000
 0.0000000e+000
 0.0000000e+000
 0.0000000e+000
 0.0000000e+000
 0.0000000e+000
 0.0000000e+000
 0.0000000e+000
 0.0000000e+000
 0.0000000e+000
 0.0000000e+000
 0.0000000e+000
 0.0000000e+000
 0.0000000e+000
 0.0000000e+000
 0.0000000e+000
 0.0000000e+000
 0.0000000e+000
 0.0000000e+000
 0.0000000e+000
 0.0000000e+000
 0.0000000e+000
 0.0000000e+000
 0.0000000e+000
 0.0000000e+000
 0.0000000e+000
 0.0000000e+000
 0.0000000e+000
 0.0000000e+000
 0.0000000e+000
 0.0000000e+000
 0.0000000e+000
 0.0000000e+000
 0.0000000e+000
 0.0000000e+000
 0.0000000e+000
 0.0000000e+000
 0.0000000e+000
 0.0000000e+000
 0.0000000e+000
 0.0000000e+000
 0.0000000e+000
 0.0000000e+000
 0.0000000e+000
 0.0000000e+000
 0.0000000e+000
 0.0000000e+000
 0.0000000e+000
 0.0000000e+000
 0.0000000e+000
 0.0000000e+000
 0.0000000e+000
 0.0000000e+000
 0.0000000e+000
 0.0000000e+000
 0.0000000e+000
 0.0000000e+000
 0.0000000e+000
 0.0000000e+000
 0.0000000e+000
 0.0000000e+000
 0.0000000e+000
 0.0000000e+000
 0.0000000e+000
 0.0000000e+000
 0.0000000e+000
 0.0000000e+000
 0.0000000e+000
 0.0000000e+000
 0.0000000e+000
 0.0000000e+000
 0.0000000e+000
 0.0000000e+000
 0.0000000e+000
 0.0000000e+000
 0.0000000e+000
 0.0000000e+000
 0.0000000e+000
 0.0000000e+000
 0.0000000e+000
 0.0000000e+000
 0.0000000e+000
 0.0000000e+000
 0.0000000e+000
 0.0000000e+000
 0.0000000e+000
 0.0000000e+000
 0.0000000e+000
 0.0000000e+000
 0.0000000e+000
 0.0000000e+000
 0.0000000e+000
 0.0000000e+000
 0.0000000e+000
 0.0000000e+000
 0.0000000e+000
 0.0000000e+000
 0.0000000e+000
 0.0000000e+000
 0.0000000e+000
 0.0000000e+000
 0.0000000e+000
 0.0000000e+000
 0.0000000e+000
 0.0000000e+000
 0.0000000e+000
 0.0000000e+000
 0.0000000e+000
 0.0000000e+000
 0.0000000e+000
 0.0000000e+000
 0.0000000e+000
 0.0000000e+000
 0.0000000e+000
 0.0000000e+000
 0.0000000e+000
 0.0000000e+000
 0.0000000e+000
 0.0000000e+000
 0.0000000e+000
 0.0000000e+000
 0.0000000e+000
 0.0000000e+000
 0.0000000e+000
 0.0000000e+000
 0.0000000e+000
 0.0000000e+000
 0.0000000e+000
 0.0000000e+000
 0.0000000e+000
 0.0000000e+000
 0.0000000e+000
 0.0000000e+000
 0.0000000e+000
 0.0000000e+000
 0.0000000e+000
 0.0000000e+000
 0.0000000e+000
 0.0000000e+000
 0.0000000e+000
 0.0000000e+000
 0.0000000e+000
 0.0000000e+000
 0.0000000e+000
 0.0000000e+000
 0.0000000e+000
 0.0000000e+000
 0.0000000e+000
 0.0000000e+000
 0.0000000e+000
 0.0000000e+000
 0.0000000e+000
 0.0000000e+000
 0.0000000e+000
 0.0000000e+000
 0.0000000e+000
 0.0000000e+000
 0.0000000e+000
 0.0000000e+000
 0.0000000e+000
 0.0000000e+000
 0.0000000e+000
 0.0000000e+000
 0.0000000e+000
 0.0000000e+000
 0.0000000e+000
 0.0000000e+000
 0.0000000e+000
 0.0000000e+000
 0.0000000e+000
 0.0000000e+000
 0.0000000e+000
 0.0000000e+000
 0.0000000e+000
 0.0000000e+000
 0.0000000e+000
 0.0000000e+000
 0.0000000e+000
 0.0000000e+000
 0.0000000e+000
 0.0000000e+000
 0.0000000e+000
 0.0000000e+000
 0.0000000e+000
 0.0000000e+000
 0.0000000e+000
 0.0000000e+000
 0.0000000e+000
 0.0000000e+000
 0.0000000e+000
 0.0000000e+000
 0.0000000e+000
 0.0000000e+000
 0.0000000e+000
 0.0000000e+000
 0.0000000e+000
 0.0000000e+000
 0.0000000e+000
 0.0000000e+000
 0.0000000e+000
 0.0000000e+000
 0.0000000e+000
 0.0000000e+000
 0.0000000e+000
 0.0000000e+000
 0.0000000e+000
 0.0000000e+000
 0.0000000e+000
 0.0000000e+000
 0.0000000e+000
 0.0000000e+000
 0.0000000e+000
 0.0000000e+000
 0.0000000e+000
 0.0000000e+000
 0.0000000e+000
 0.0000000e+000
 0.0000000e+000
 0.0000000e+000
 0.0000000e+000
 0.0000000e+000
 0.0000000e+000
 0.0000000e+000
 0.0000000e+000
 0.0000000e+000
 0.0000000e+000
 0.0000000e+000
 0.0000000e+000
 0.0000000e+000
 0.0000000e+000
 0.0000000e+000
 0.0000000e+000
 0.0000000e+000
 0.0000000e+000
 0.0000000e+000
 0.0000000e+000
 0.0000000e+000
 0.0000000e+000
 0.0000000e+000
 0.0000000e+000
 0.0000000e+000
 0.0000000e+000
 0.0000000e+000
 0.0000000e+000
 0.0000000e+000
 0.0000000e+000
 0.0000000e+000
 0.0000000e+000
 0.0000000e+000
 0.0000000e+000
 0.0000000e+000
 0.0000000e+000
 0.0000000e+000
 0.0000000e+000
 0.0000000e+000
 0.0000000e+000
 0.0000000e+000
 0.0000000e+000
 0.0000000e+000
 0.0000000e+000
 0.0000000e+000
 0.0000000e+000
 0.0000000e+000
 0.0000000e+000
 0.0000000e+000
 0.0000000e+000
 0.0000000e+000
 0.0000000e+000
 0.0000000e+000
 0.0000000e+000
 0.0000000e+000
 0.0000000e+000
 0.0000000e+000
 0.0000000e+000
 0.0000000e+000
 0.0000000e+000
 0.0000000e+000
 0.0000000e+000
 0.0000000e+000
 0.0000000e+000
 0.0000000e+000
 0.0000000e+000
 0.0000000e+000
 0.0000000e+000
 0.0000000e+000
 0.0000000e+000
 0.0000000e+000
 0.0000000e+000
 0.0000000e+000
 0.0000000e+000
 0.0000000e+000
 0.0000000e+000
